q      	cage        
0.005 	-8357.99    
0.015 	-8369.83    
0.025 	-8393.57    
0.035 	-8429.34    
0.045 	-8477.28    
0.055 	-8537.55    
0.065 	-8610.31    
0.075 	-8695.63    
0.085 	-8793.51    
0.095 	-8903.8     
0.105 	-9026.16    
0.115 	-9160.04    
0.125 	-9304.63    
0.135 	-9458.86    
0.145 	-9621.32    
0.155 	-9790.3     
0.165 	-9963.78    
0.175 	-10139.4    
0.185 	-10314.7    
0.195 	-10486.6    
0.205 	-10652.2    
0.215 	-10808.2    
0.225 	-10951.5    
0.235 	-11078.5    
0.245 	-11186.3    
0.255 	-11271.6    
0.265 	-11331.7    
0.275 	-11364      
0.285 	-11366.4    
0.295 	-11337.2    
0.305 	-11275.2    
0.315 	-11179.8    
0.325 	-11051.1    
0.335 	-10889.6    
0.345 	-10696.5    
0.355 	-10473.7    
0.365 	-10223.5    
0.375 	-9948.99    
0.385 	-9653.46    
0.395 	-9340.74    
0.405 	-9014.96    
0.415 	-8680.43    
0.425 	-8341.61    
0.435 	-8002.95    
0.445 	-7668.79    
0.455 	-7343.28    
0.465 	-7030.26    
0.475 	-6733.17    
0.485 	-6454.98    
0.495 	-6198.08    
0.505 	-5964.31    
0.515 	-5754.81    
0.525 	-5570.12    
0.535 	-5410.08    
0.545 	-5273.91    
0.555 	-5160.23    
0.565 	-5067.1     
0.575 	-4992.11    
0.585 	-4932.45    
0.595 	-4885.01    
0.605 	-4846.47    
0.615 	-4813.41    
0.625 	-4782.44    
0.635 	-4750.27    
0.645 	-4713.84    
0.655 	-4670.41    
0.665 	-4617.63    
0.675 	-4553.62    
0.685 	-4477.04    
0.695 	-4387.1     
0.705 	-4283.59    
0.715 	-4166.89    
0.725 	-4037.96    
0.735 	-3898.27    
0.745 	-3749.79    
0.755 	-3594.89    
0.765 	-3436.27    
0.775 	-3276.88    
0.785 	-3119.8     
0.795 	-2968.15    
0.805 	-2824.96    
0.815 	-2693.1     
0.825 	-2575.17    
0.835 	-2473.38    
0.845 	-2389.49    
0.855 	-2324.78    
0.865 	-2279.9     
0.875 	-2254.95    
0.885 	-2249.38    
0.895 	-2262.03    
0.905 	-2291.13    
0.915 	-2334.38    
0.925 	-2388.94    
0.935 	-2451.58    
0.945 	-2518.69    
0.955 	-2586.44    
0.965 	-2650.84    
0.975 	-2707.88    
0.985 	-2753.62    
0.995 	-2784.33    
1.005 	-2796.55    
1.015 	-2787.24    
1.025 	-2753.83    
1.035 	-2694.32    
1.045 	-2607.32    
1.055 	-2492.11    
1.065 	-2348.68    
1.075 	-2177.7     
1.085 	-1980.52    
1.095 	-1759.17    
1.105 	-1516.29    
1.115 	-1255.05    
1.125 	-979.109    
1.135 	-692.508    
1.145 	-399.568    
1.155 	-104.792    
1.165 	187.245     
1.175 	472.012     
1.185 	745.118     
1.195 	1002.43     
1.205 	1240.15     
1.215 	1454.91     
1.225 	1643.85     
1.235 	1804.67     
1.245 	1935.67     
1.255 	2035.78     
1.265 	2104.57     
1.275 	2142.25     
1.285 	2149.64     
1.295 	2128.15     
1.305 	2079.72     
1.315 	2006.72     
1.325 	1911.97     
1.335 	1798.56     
1.345 	1669.85     
1.355 	1529.3      
1.365 	1380.47     
1.375 	1226.87     
1.385 	1071.88     
1.395 	918.723     
1.405 	770.352     
1.415 	629.407     
1.425 	498.167     
1.435 	378.516     
1.445 	271.917     
1.455 	179.401     
1.465 	101.57      
1.475 	38.6053     
1.485 	-9.70458    
1.495 	-43.9358    
1.505 	-64.9866    
1.515 	-74.0307    
1.525 	-72.4652    
1.535 	-61.8552    
1.545 	-43.8775    
1.555 	-20.2636    
1.565 	7.25399     
1.575 	36.9936     
1.585 	67.3703     
1.595 	96.9363     
1.605 	124.415     
1.615 	148.728     
1.625 	169.012     
1.635 	184.63      
1.645 	195.177     
1.655 	200.471     
1.665 	200.545     
1.675 	195.628     
1.685 	186.124     
1.695 	172.581     
1.705 	155.668     
1.715 	136.137     
1.725 	114.792     
1.735 	92.4603     
1.745 	69.9556     
1.755 	48.0539     
1.765 	27.4664     
1.775 	8.81778     
1.785 	-7.37097    
1.795 	-20.6954    
1.805 	-30.8757    
1.815 	-37.7592    
1.825 	-41.3197    
1.835 	-41.651     
1.845 	-38.957     
1.855 	-33.5391    
1.865 	-25.7798    
1.875 	-16.1251    
1.885 	-5.06511    
1.895 	6.8856      
1.905 	19.2076     
1.915 	31.3953     
1.925 	42.9744     
1.935 	53.517      
1.945 	62.6546     
1.955 	70.0883     
1.965 	75.5956     
1.975 	79.0347     
1.985 	80.3457     
1.995 	79.5478     
2.005 	76.7356     
2.015 	72.0711     
2.025 	65.7748     
2.035 	58.1148     
2.045 	49.3947     
2.055 	39.9406     
2.065 	30.0887     
2.075 	20.1721     
2.085 	10.5089     
2.095 	1.39176     
2.105 	-6.92202    
2.115 	-14.2178    
2.125 	-20.3296    
2.135 	-25.1436    
2.145 	-28.6       
2.155 	-30.6924    
2.165 	-31.4657    
2.175 	-31.0118    
2.185 	-29.464     
2.195 	-26.9902    
2.205 	-23.7851    
2.215 	-20.0615    
2.225 	-16.0416    
2.235 	-11.9488    
2.245 	-7.99842    
2.255 	-4.39089    
2.265 	-1.30444    
2.275 	1.1104      
2.285 	2.73524     
2.295 	3.48681     
2.305 	3.31864     
2.315 	2.22117     
2.325 	0.220552    
2.335 	-2.62378    
2.345 	-6.22274    
2.355 	-10.4621    
2.365 	-15.2077    
2.375 	-20.3114    
2.385 	-25.6168    
2.395 	-30.9658    
2.405 	-36.2038    
2.415 	-41.1859    
2.425 	-45.7815    
2.435 	-49.878     
2.445 	-53.3851    
2.455 	-56.236     
2.465 	-58.3896    
2.475 	-59.8303    
2.485 	-60.5674    
2.495 	-60.6339    
2.505 	-60.0836    
2.515 	-58.9883    
2.525 	-57.434     
2.535 	-55.5171    
2.545 	-53.3401    
2.555 	-51.0072    
2.565 	-48.6201    
2.575 	-46.2744    
2.585 	-44.0559    
2.595 	-42.0375    
2.605 	-40.2775    
2.615 	-38.817     
2.625 	-37.6798    
2.635 	-36.8718    
2.645 	-36.3818    
2.655 	-36.1822    
2.665 	-36.2314    
2.675 	-36.4757    
2.685 	-36.8521    
2.695 	-37.291     
2.705 	-37.72      
2.715 	-38.0663    
2.725 	-38.2603    
2.735 	-38.2381    
2.745 	-37.9442    
2.755 	-37.3337    
2.765 	-36.3739    
2.775 	-35.0454    
2.785 	-33.3428    
2.795 	-31.2745    
2.805 	-28.8626    
2.815 	-26.1415    
2.825 	-23.1568    
2.835 	-19.9631    
2.845 	-16.6221    
2.855 	-13.2002    
2.865 	-9.76603    
2.875 	-6.38774    
2.885 	-3.13088    
2.895 	-0.0560346  
2.905 	2.78325     
2.915 	5.34208     
2.925 	7.58559     
2.935 	9.48984     
2.945 	11.0423     
2.955 	12.242      
2.965 	13.0989     
2.975 	13.6334     
2.985 	13.8752     
2.995 	13.8616     
3.005 	13.636      
3.015 	13.2463     
3.025 	12.7425     
3.035 	12.1749     
3.045 	11.5926     
3.055 	11.041      
3.065 	10.5607     
3.075 	10.1863     
3.085 	9.94469     
3.095 	9.85492     
3.105 	9.9275      
3.115 	10.1644     
3.125 	10.5593     
3.135 	11.0982     
3.145 	11.7602     
3.155 	12.5187     
3.165 	13.3425     
3.175 	14.1974     
3.185 	15.0478     
3.195 	15.8577     
3.205 	16.593      
3.215 	17.2218     
3.225 	17.7167     
3.235 	18.055      
3.245 	18.2201     
3.255 	18.2017     
3.265 	17.996      
3.275 	17.6063     
3.285 	17.0421     
3.295 	16.3189     
3.305 	15.4577     
3.315 	14.4837     
3.325 	13.4255     
3.335 	12.3139     
3.345 	11.181      
3.355 	10.0582     
3.365 	8.97608     
3.375 	7.96237     
3.385 	7.04158     
3.395 	6.2339      
3.405 	5.55469     
3.415 	5.01397     
3.425 	4.61627     
3.435 	4.36057     
3.445 	4.24055     
3.455 	4.24496     
3.465 	4.35823     
3.475 	4.56119     
3.485 	4.83192     
3.495 	5.14669     
3.505 	5.4809      
3.515 	5.81011     
3.525 	6.11096     
3.535 	6.36208     
3.545 	6.54482     
3.555 	6.64396     
3.565 	6.64818     
3.575 	6.55044     
3.585 	6.34808     
3.595 	6.0429      
3.605 	5.64089     
3.615 	5.15197     
3.625 	4.58945     
3.635 	3.96945     
3.645 	3.31022     
3.655 	2.63134     
3.665 	1.95293     
3.675 	1.2949      
3.685 	0.676095    
3.695 	0.113655    
3.705 	-0.377662   
3.715 	-0.785985   
3.725 	-1.10274    
3.735 	-1.32292    
3.745 	-1.44518    
3.755 	-1.47186    
3.765 	-1.40878    
3.775 	-1.26499    
3.785 	-1.05229    
3.795 	-0.784814   
3.805 	-0.478365   
3.815 	-0.149821   
3.825 	0.183544    
3.835 	0.504721    
3.845 	0.797605    
3.855 	1.04759     
3.865 	1.24208     
3.875 	1.37094     
3.885 	1.42679     
3.895 	1.40526     
3.905 	1.30504     
3.915 	1.1279      
3.925 	0.878523    
3.935 	0.564251    
3.945 	0.194753    
3.955 	-0.218413   
3.965 	-0.662284   
3.975 	-1.12303    
3.985 	-1.58649    
3.995 	-2.03876    
4.005 	-2.46669    
4.015 	-2.85838    
4.025 	-3.20362    
4.035 	-3.49424    
4.045 	-3.72435    
4.055 	-3.89057    
4.065 	-3.99203    
4.075 	-4.03042    
4.085 	-4.00978    
4.095 	-3.93637    
4.105 	-3.81829    
4.115 	-3.66519    
4.125 	-3.48782    
4.135 	-3.29759    
4.145 	-3.10612    
4.155 	-2.92475    
4.165 	-2.76413    
4.175 	-2.6338     
4.185 	-2.54184    
4.195 	-2.49457    
4.205 	-2.49635    
4.215 	-2.54945    
4.225 	-2.65398    
4.235 	-2.80792    
4.245 	-3.00725    
4.255 	-3.24614    
4.265 	-3.51719    
4.275 	-3.81175    
4.285 	-4.12026    
4.295 	-4.43266    
4.305 	-4.73873    
4.315 	-5.02853    
4.325 	-5.29273    
4.335 	-5.52298    
4.345 	-5.71216    
4.355 	-5.85467    
4.365 	-5.94658    
4.375 	-5.98571    
4.385 	-5.97172    
4.395 	-5.90603    
4.405 	-5.79174    
4.415 	-5.63346    
4.425 	-5.43707    
4.435 	-5.20949    
4.445 	-4.95836    
4.455 	-4.69171    
4.465 	-4.41765    
4.475 	-4.14401    
4.485 	-3.8781     
4.495 	-3.62636    
4.505 	-3.39415    
4.515 	-3.18558    
4.525 	-3.00334    
4.535 	-2.84863    
4.545 	-2.72117    
4.555 	-2.6192     
4.565 	-2.53963    
4.575 	-2.47816    
4.585 	-2.42949    
4.595 	-2.38757    
4.605 	-2.34586    
4.615 	-2.2976     
4.625 	-2.23611    
4.635 	-2.15506    
4.645 	-2.04875    
4.655 	-1.91234    
4.665 	-1.74205    
4.675 	-1.53532    
4.685 	-1.29091    
4.695 	-1.00898    
4.705 	-0.691072   
4.715 	-0.34007    
4.725 	0.0398996   
4.735 	0.443616    
4.745 	0.864948    
4.755 	1.29707     
4.765 	1.73271     
4.775 	2.1644      
4.785 	2.58471     
4.795 	2.98656     
4.805 	3.36341     
4.815 	3.70946     
4.825 	4.01988     
4.835 	4.29093     
4.845 	4.52004     
4.855 	4.70592     
4.865 	4.84849     
4.875 	4.94891     
4.885 	5.00948     
4.895 	5.03347     
4.905 	5.02505     
4.915 	4.98903     
4.925 	4.93069     
4.935 	4.85555     
4.945 	4.76917     
4.955 	4.67692     
4.965 	4.58378     
4.975 	4.49414     
4.985 	4.41171     
4.995 	4.33932     
5.005 	4.2789      
5.015 	4.23138     
5.025 	4.19674     
5.035 	4.174       
5.045 	4.16133     
5.055 	4.15613     
5.065 	4.15516     
5.075 	4.15472     
5.085 	4.15081     
5.095 	4.13929     
5.105 	4.11613     
5.115 	4.07751     
5.125 	4.02003     
5.135 	3.94085     
5.145 	3.8378      
5.155 	3.7095      
5.165 	3.55538     
5.175 	3.37574     
5.185 	3.17174     
5.195 	2.94533     
5.205 	2.69922     
5.215 	2.43674     
5.225 	2.16174     
5.235 	1.87843     
5.245 	1.59124     
5.255 	1.30465     
5.265 	1.02302     
5.275 	0.75046     
5.285 	0.490651    
5.295 	0.246757    
5.305 	0.021301    
5.315 	-0.183902   
5.325 	-0.367793   
5.335 	-0.530085   
5.345 	-0.671248   
5.355 	-0.792464   
5.365 	-0.895559   
5.375 	-0.982903   
5.385 	-1.0573     
5.395 	-1.12184    
5.405 	-1.17979    
5.415 	-1.23443    
5.425 	-1.28891    
5.435 	-1.3461     
5.445 	-1.40853    
5.455 	-1.47818    
5.465 	-1.55652    
5.475 	-1.64434    
5.485 	-1.74179    
5.495 	-1.84834    
5.505 	-1.96281    
5.515 	-2.08343    
5.525 	-2.2079     
5.535 	-2.33348    
5.545 	-2.45712    
5.555 	-2.57555    
5.565 	-2.68545    
5.575 	-2.78356    
5.585 	-2.8668     
5.595 	-2.93242    
5.605 	-2.9781     
5.615 	-3.00203    
5.625 	-3.00298    
5.635 	-2.9804     
5.645 	-2.93436    
5.655 	-2.86563    
5.665 	-2.7756     
5.675 	-2.66627    
5.685 	-2.54015    
5.695 	-2.40019    
5.705 	-2.24966    
5.715 	-2.09205    
5.725 	-1.93093    
5.735 	-1.76985    
5.745 	-1.61217    
5.755 	-1.46104    
5.765 	-1.31918    
5.775 	-1.1889     
5.785 	-1.07196    
5.795 	-0.96957    
5.805 	-0.882326   
5.815 	-0.810245   
5.825 	-0.752766   
5.835 	-0.708799   
5.845 	-0.676784   
5.855 	-0.654771   
5.865 	-0.640512   
5.875 	-0.631561   
5.885 	-0.625384   
5.895 	-0.619462   
5.905 	-0.611397   
5.915 	-0.599011   
5.925 	-0.580429   
5.935 	-0.554154   
5.945 	-0.519121   
5.955 	-0.474733   
5.965 	-0.420879   
5.975 	-0.357927   
5.985 	-0.286707   
5.995 	-0.208463   
6.005 	-0.124797   
6.015 	-0.0375987  
6.025 	0.0510411   
6.035 	0.138919    
6.045 	0.223814    
6.055 	0.303581    
6.065 	0.376241    
6.075 	0.440062    
6.085 	0.493633    
6.095 	0.535921    
6.105 	0.566309    
6.115 	0.584626    
6.125 	0.59115     
6.135 	0.586597    
6.145 	0.572089    
6.155 	0.549112    
6.165 	0.519451    
6.175 	0.485118    
6.185 	0.448275    
6.195 	0.411139    
6.205 	0.375902    
6.215 	0.344635    
6.225 	0.319212    
6.235 	0.30123     
6.245 	0.29195     
6.255 	0.292246    
6.265 	0.30257     
6.275 	0.322933    
6.285 	0.352911    
6.295 	0.391655    
6.305 	0.437929    
6.315 	0.49016     
6.325 	0.546495    
6.335 	0.60488     
6.345 	0.663136    
6.355 	0.719045    
6.365 	0.77044     
6.375 	0.815283    
6.385 	0.851749    
6.395 	0.878297    
6.405 	0.893723    
6.415 	0.897216    
6.425 	0.88838     
6.435 	0.867254    
6.445 	0.83431     
6.455 	0.790436    
6.465 	0.736896    
6.475 	0.675293    
6.485 	0.607497    
6.495 	0.535585    
6.505 	0.461755    
6.515 	0.388253    
6.525 	0.317281    
6.535 	0.250925    
6.545 	0.191075    
6.555 	0.139359    
6.565 	0.0970842   
6.575 	0.0651963   
6.585 	0.0442467   
6.595 	0.0343777   
6.605 	0.0353234   
6.615 	0.0464254   
6.625 	0.0666627   
6.635 	0.094696    
6.645 	0.128922    
6.655 	0.167538    
6.665 	0.208615    
6.675 	0.250167    
6.685 	0.290234    
6.695 	0.326951    
6.705 	0.358619    
6.715 	0.383765    
6.725 	0.401198    
6.735 	0.410049    
6.745 	0.409795    
6.755 	0.400278    
6.765 	0.381703    
6.775 	0.354625    
6.785 	0.319923    
6.795 	0.278757    
6.805 	0.232524    
6.815 	0.182797    
6.825 	0.131263    
6.835 	0.0796555   
6.845 	0.0296874   
6.855 	-0.0170152  
6.865 	-0.0589743  
6.875 	-0.0949146  
6.885 	-0.123809   
6.895 	-0.144917   
6.905 	-0.157803   
6.915 	-0.162354   
6.925 	-0.158775   
6.935 	-0.14758    
6.945 	-0.129558   
6.955 	-0.105751   
6.965 	-0.0773953  
6.975 	-0.0458815  
6.985 	-0.0126912  
6.995 	0.0206598   
7.005 	0.0526809   
7.015 	0.0819649   
7.025 	0.107241    
7.035 	0.12742     
7.045 	0.141638    
7.055 	0.14928     
7.065 	0.150002    
7.075 	0.143739    
7.085 	0.130702    
7.095 	0.111363    
7.105 	0.0864316   
7.115 	0.0568206   
7.125 	0.0236075   
7.135 	-0.0120135  
7.145 	-0.0487813  
7.155 	-0.08542    
7.165 	-0.120691   
7.175 	-0.153441   
7.185 	-0.182649   
7.195 	-0.207463   
7.205 	-0.227231   
7.215 	-0.241527   
7.225 	-0.250159   
7.235 	-0.253173   
7.245 	-0.250851   
7.255 	-0.243688   
7.265 	-0.232369   
7.275 	-0.217739   
7.285 	-0.200761   
7.295 	-0.182475   
7.305 	-0.163949   
7.315 	-0.146237   
7.325 	-0.130331   
7.335 	-0.117118   
7.345 	-0.107347   
7.355 	-0.101591   
7.365 	-0.10023    
7.375 	-0.103433   
7.385 	-0.111152   
7.395 	-0.123124   
7.405 	-0.138886   
7.415 	-0.157794   
7.425 	-0.179048   
7.435 	-0.201732   
7.445 	-0.224849   
7.455 	-0.247366   
7.465 	-0.268254   
7.475 	-0.286538   
7.485 	-0.301331   
7.495 	-0.311879   
7.505 	-0.317588   
7.515 	-0.31805    
7.525 	-0.313065   
7.535 	-0.302645   
7.545 	-0.28702    
7.555 	-0.266626   
7.565 	-0.242088   
7.575 	-0.214202   
7.585 	-0.183894   
7.595 	-0.152191   
7.605 	-0.120179   
7.615 	-0.0889547  
7.625 	-0.0595897  
7.635 	-0.0330812  
7.645 	-0.0103155  
7.655 	0.00796885  
7.665 	0.0212099   
7.675 	0.0290455   
7.685 	0.0313279   
7.695 	0.0281298   
7.705 	0.0197423   
7.715 	0.00666325  
7.725 	-0.0104217  
7.735 	-0.0306659  
7.745 	-0.0530951  
7.755 	-0.0766451  
7.765 	-0.100204   
7.775 	-0.122656   
7.785 	-0.142923   
7.795 	-0.160011   
7.805 	-0.173046   
7.815 	-0.181308   
7.825 	-0.184263   
7.835 	-0.181579   
7.845 	-0.173144   
7.855 	-0.159068   
7.865 	-0.139678   
7.875 	-0.11551    
7.885 	-0.087283   
7.895 	-0.0558766  
7.905 	-0.0222937  
7.915 	0.0123761   
7.925 	0.0469991   
7.935 	0.0804399   
7.945 	0.111605    
7.955 	0.139486    
7.965 	0.163193    
7.975 	0.181994    
7.985 	0.19534     
7.995 	0.202882    
8.005 	0.204489    
8.015 	0.200247    
8.025 	0.19046     
8.035 	0.175633    
8.045 	0.156451    
8.055 	0.13376     
8.065 	0.108522    
8.075 	0.0817892   
8.085 	0.0546547   
8.095 	0.0282157   
8.105 	0.00352972  
8.115 	-0.0184251  
8.125 	-0.0367866  
8.135 	-0.0508411  
8.145 	-0.0600492  
8.155 	-0.0640653  
8.165 	-0.0627492  
8.175 	-0.05617    
8.185 	-0.044602   
8.195 	-0.0285121  
8.205 	-0.00854083 
8.215 	0.014524    
8.225 	0.0397786   
8.235 	0.0662391   
8.245 	0.0928799   
8.255 	0.118674    
8.265 	0.142632    
8.275 	0.163841    
8.285 	0.181498    
8.295 	0.194941    
8.305 	0.203676    
8.315 	0.207389    
8.325 	0.205962    
8.335 	0.199475    
8.345 	0.188201    
8.355 	0.172596    
8.365 	0.153276    
8.375 	0.130998    
8.385 	0.106626    
8.395 	0.0810974   
8.405 	0.0553882   
8.415 	0.0304741   
8.425 	0.0072933   
8.435 	-0.0132893  
8.445 	-0.0305151  
8.455 	-0.0437595  
8.465 	-0.0525557  
8.475 	-0.0566114  
8.485 	-0.0558185  
8.495 	-0.0502566  
8.505 	-0.0401884  
8.515 	-0.0260488  
8.525 	-0.00842701 
8.535 	0.0119564   
8.545 	0.0342781   
8.555 	0.0576435   
8.565 	0.0811213   
8.575 	0.103779    
8.585 	0.124717    
8.595 	0.143104    
8.605 	0.158205    
8.615 	0.169412    
8.625 	0.17626     
8.635 	0.178451    
8.645 	0.175854    
8.655 	0.168518    
8.665 	0.156659    
8.675 	0.140659    
8.685 	0.121043    
8.695 	0.0984643   
8.705 	0.0736725   
8.715 	0.0474892   
8.725 	0.0207752   
8.735 	-0.00560158 
8.745 	-0.030798   
8.755 	-0.0540261  
8.765 	-0.0745814  
8.775 	-0.091867   
8.785 	-0.105414   
8.795 	-0.114895   
8.805 	-0.120135   
8.815 	-0.121114   
8.825 	-0.117964   
8.835 	-0.110961   
8.845 	-0.10051    
8.855 	-0.087132   
8.865 	-0.0714336  
8.875 	-0.0540888  
8.885 	-0.0358092  
8.895 	-0.0173163  
8.905 	0.000685363 
8.915 	0.0175348   
8.925 	0.0326386   
8.935 	0.0454909   
8.945 	0.055691    
8.955 	0.0629547   
8.965 	0.0671221   
8.975 	0.0681596   
8.985 	0.0661567   
8.995 	0.0613188   
9.005 	0.0539546   
9.015 	0.0444604   
9.025 	0.0333006   
9.035 	0.0209867   
9.045 	0.00805462  
9.055 	-0.00495895 
9.065 	-0.0175386  
9.075 	-0.0292113  
9.085 	-0.0395655  
9.095 	-0.0482667  
9.105 	-0.0550691  
9.115 	-0.0598244  
9.125 	-0.0624847  
9.135 	-0.0631024  
9.145 	-0.0618247  
9.155 	-0.0588848  
9.165 	-0.0545894  
9.175 	-0.0493026  
9.185 	-0.0434289  
9.195 	-0.0373932  
9.205 	-0.0316213  
9.215 	-0.0265197  
9.225 	-0.0224577  
9.235 	-0.0197499  
9.245 	-0.0186427  
9.255 	-0.0193025  
9.265 	-0.021809   
9.275 	-0.026151   
9.285 	-0.0322273  
9.295 	-0.039851   
9.305 	-0.0487574  
9.315 	-0.0586162  
9.325 	-0.0690452  
9.335 	-0.0796275  
9.345 	-0.0899299  
9.355 	-0.0995212  
9.365 	-0.107992   
9.375 	-0.114971   
9.385 	-0.120145   
9.395 	-0.123268   
9.405 	-0.124177   
9.415 	-0.122797   
9.425 	-0.119145   
9.435 	-0.113331   
9.445 	-0.105554   
9.455 	-0.0960931  
9.465 	-0.0852989  
9.475 	-0.0735761  
9.485 	-0.0613689  
9.495 	-0.0491416  
9.505 	-0.0373601  
9.515 	-0.0264713  
9.525 	-0.0168848  
9.535 	-0.00895483 
9.545 	-0.00296482 
9.555 	0.000885195 
9.565 	0.00248804  
9.575 	0.0018351   
9.585 	-0.000982038
9.595 	-0.00577396 
9.605 	-0.0122599  
9.615 	-0.0200778  
9.625 	-0.0287984  
9.635 	-0.0379409  
9.645 	-0.0469927  
9.655 	-0.0554291  
9.665 	-0.0627344  
9.675 	-0.0684228  
9.685 	-0.0720587  
9.695 	-0.0732744  
9.705 	-0.0717866  
9.715 	-0.0674086  
9.725 	-0.0600595  
9.735 	-0.0497697  
9.745 	-0.0366815  
9.755 	-0.0210459  
9.765 	-0.00321506 
9.775 	0.0163689   
9.785 	0.0371891   
9.795 	0.0586713   
9.805 	0.0802043   
9.815 	0.101161    
9.825 	0.120922    
9.835 	0.138896    
9.845 	0.154542    
9.855 	0.167388    
9.865 	0.177049    
9.875 	0.183242    
9.885 	0.185791    
9.895 	0.184639    
9.905 	0.179846    
9.915 	0.171591    
9.925 	0.16016     
9.935 	0.145938    
9.945 	0.129397    
9.955 	0.111075    
9.965 	0.0915623   
9.975 	0.0714734   
9.985 	0.051431    
9.995 	0.0320417   