q      	cage        
0.005 	-9789.75    
0.015 	-9793.3     
0.025 	-9800.63    
0.035 	-9812.16    
0.045 	-9828.5     
0.055 	-9850.43    
0.065 	-9878.8     
0.075 	-9914.54    
0.085 	-9958.52    
0.095 	-10011.6    
0.105 	-10074.4    
0.115 	-10147.5    
0.125 	-10231      
0.135 	-10324.8    
0.145 	-10428.5    
0.155 	-10541.3    
0.165 	-10661.8    
0.175 	-10788.4    
0.185 	-10919      
0.195 	-11051.3    
0.205 	-11182.3    
0.215 	-11309      
0.225 	-11428.1    
0.235 	-11536.3    
0.245 	-11629.9    
0.255 	-11705.6    
0.265 	-11760.1    
0.275 	-11790.2    
0.285 	-11793.2    
0.295 	-11766.7    
0.305 	-11709      
0.315 	-11618.6    
0.325 	-11494.8    
0.335 	-11337.7    
0.345 	-11147.8    
0.355 	-10926.4    
0.365 	-10675.3    
0.375 	-10397.3    
0.385 	-10095.4    
0.395 	-9773.12    
0.405 	-9434.6     
0.415 	-9084.16    
0.425 	-8726.35    
0.435 	-8365.83    
0.445 	-8007.25    
0.455 	-7655.11    
0.465 	-7313.69    
0.475 	-6986.9     
0.485 	-6678.22    
0.495 	-6390.6     
0.505 	-6126.37    
0.515 	-5887.24    
0.525 	-5674.23    
0.535 	-5487.66    
0.545 	-5327.17    
0.555 	-5191.73    
0.565 	-5079.71    
0.575 	-4988.92    
0.585 	-4916.69    
0.595 	-4859.97    
0.605 	-4815.43    
0.615 	-4779.57    
0.625 	-4748.84    
0.635 	-4719.71    
0.645 	-4688.84    
0.655 	-4653.15    
0.665 	-4609.9     
0.675 	-4556.79    
0.685 	-4492.06    
0.695 	-4414.45    
0.705 	-4323.32    
0.715 	-4218.6     
0.725 	-4100.84    
0.735 	-3971.12    
0.745 	-3831.06    
0.755 	-3682.72    
0.765 	-3528.54    
0.775 	-3371.27    
0.785 	-3213.84    
0.795 	-3059.27    
0.805 	-2910.59    
0.815 	-2770.7     
0.825 	-2642.25    
0.835 	-2527.62    
0.845 	-2428.77    
0.855 	-2347.17    
0.865 	-2283.79    
0.875 	-2239       
0.885 	-2212.59    
0.895 	-2203.75    
0.905 	-2211.07    
0.915 	-2232.61    
0.925 	-2265.89    
0.935 	-2308.03    
0.945 	-2355.77    
0.955 	-2405.57    
0.965 	-2453.75    
0.975 	-2496.54    
0.985 	-2530.24    
0.995 	-2551.27    
1.005 	-2556.33    
1.015 	-2542.48    
1.025 	-2507.2     
1.035 	-2448.49    
1.045 	-2364.93    
1.055 	-2255.74    
1.065 	-2120.76    
1.075 	-1960.52    
1.085 	-1776.18    
1.095 	-1569.56    
1.105 	-1343.02    
1.115 	-1099.49    
1.125 	-842.322    
1.135 	-575.269    
1.145 	-302.344    
1.155 	-27.741     
1.165 	244.268     
1.175 	509.441     
1.185 	763.669     
1.195 	1003.07     
1.205 	1224.09     
1.215 	1423.57     
1.225 	1598.82     
1.235 	1747.69     
1.245 	1868.57     
1.255 	1960.47     
1.265 	2022.99     
1.275 	2056.35     
1.285 	2061.33     
1.295 	2039.24     
1.305 	1991.92     
1.315 	1921.63     
1.325 	1831.01     
1.335 	1722.97     
1.345 	1600.66     
1.355 	1467.35     
1.365 	1326.37     
1.375 	1181        
1.385 	1034.43     
1.395 	889.651     
1.405 	749.429     
1.415 	616.218     
1.425 	492.138     
1.435 	378.934     
1.445 	277.955     
1.455 	190.146     
1.465 	116.049     
1.475 	55.8188     
1.485 	9.23842     
1.495 	-24.2434    
1.505 	-45.476     
1.515 	-55.5616    
1.525 	-55.8063    
1.535 	-47.6682    
1.545 	-32.7039    
1.555 	-12.5168    
1.565 	11.2942     
1.575 	37.1817     
1.585 	63.6917     
1.595 	89.5015     
1.605 	113.449     
1.615 	134.557     
1.625 	152.05      
1.635 	165.362     
1.645 	174.136     
1.655 	178.224     
1.665 	177.671     
1.675 	172.7       
1.685 	163.691     
1.695 	151.153     
1.705 	135.698     
1.715 	118.011     
1.725 	98.8199     
1.735 	78.8673     
1.745 	58.8799     
1.755 	39.5447     
1.765 	21.4858     
1.775 	5.24523     
1.785 	-8.73178    
1.795 	-20.1075    
1.805 	-28.6578    
1.815 	-34.2739    
1.825 	-36.9599    
1.835 	-36.8263    
1.845 	-34.0803    
1.855 	-29.0128    
1.865 	-21.9834    
1.875 	-13.4038    
1.885 	-3.71956    
1.895 	6.60711     
1.905 	17.1157     
1.915 	27.3638     
1.925 	36.9423     
1.935 	45.4886     
1.945 	52.6973     
1.955 	58.3288     
1.965 	62.2142     
1.975 	64.2582     
1.985 	64.4389     
1.995 	62.8049     
2.005 	59.4697     
2.015 	54.6047     
2.025 	48.4298     
2.035 	41.2031     
2.045 	33.2093     
2.055 	24.7479     
2.065 	16.1217     
2.075 	7.62485     
2.085 	-0.467033   
2.095 	-7.90669    
2.105 	-14.4829    
2.115 	-20.0269    
2.125 	-24.4163    
2.135 	-27.5782    
2.145 	-29.4891    
2.155 	-30.1741    
2.165 	-29.7034    
2.175 	-28.1882    
2.185 	-25.7743    
2.195 	-22.6357    
2.205 	-18.9665    
2.215 	-14.9732    
2.225 	-10.8661    
2.235 	-6.85186    
2.245 	-3.12539    
2.255 	0.136513    
2.265 	2.78116     
2.275 	4.68465     
2.285 	5.75533     
2.295 	5.93589     
2.305 	5.20418     
2.315 	3.57266     
2.325 	1.0866      
2.335 	-2.17884    
2.345 	-6.12249    
2.355 	-10.6219    
2.365 	-15.5384    
2.375 	-20.7233    
2.385 	-26.0228    
2.395 	-31.2846    
2.405 	-36.3629    
2.415 	-41.123     
2.425 	-45.4466    
2.435 	-49.2344    
2.445 	-52.4094    
2.455 	-54.9182    
2.465 	-56.7325    
2.475 	-57.848     
2.485 	-58.2843    
2.495 	-58.0824    
2.505 	-57.3023    
2.515 	-56.0199    
2.525 	-54.3231    
2.535 	-52.3081    
2.545 	-50.0753    
2.555 	-47.7251    
2.565 	-45.3542    
2.575 	-43.0519    
2.585 	-40.8968    
2.595 	-38.9549    
2.605 	-37.2767    
2.615 	-35.8967    
2.625 	-34.8322    
2.635 	-34.0839    
2.645 	-33.6361    
2.655 	-33.4586    
2.665 	-33.508     
2.675 	-33.7306    
2.685 	-34.0646    
2.695 	-34.4432    
2.705 	-34.7973    
2.715 	-35.0591    
2.725 	-35.1641    
2.735 	-35.0542    
2.745 	-34.6801    
2.755 	-34.0026    
2.765 	-32.9945    
2.775 	-31.6415    
2.785 	-29.942     
2.795 	-27.9079    
2.805 	-25.563     
2.815 	-22.9428    
2.825 	-20.0923    
2.835 	-17.0646    
2.845 	-13.9185    
2.855 	-10.7168    
2.865 	-7.52315    
2.875 	-4.40059    
2.885 	-1.40875    
2.895 	1.39791     
2.905 	3.97198     
2.915 	6.27451     
2.925 	8.27615     
2.935 	9.95788     
2.945 	11.3113     
2.955 	12.3386     
2.965 	13.0521     
2.975 	13.4732     
2.985 	13.6316     
2.995 	13.5637     
3.005 	13.3109     
3.015 	12.9181     
3.025 	12.4317     
3.035 	11.898      
3.045 	11.361      
3.055 	10.8615     
3.065 	10.4353     
3.075 	10.112      
3.085 	9.91432     
3.095 	9.85724     
3.105 	9.94805     
3.115 	10.1862     
3.125 	10.5636     
3.135 	11.0655     
3.145 	11.6709     
3.155 	12.354      
3.165 	13.0854     
3.175 	13.8331     
3.185 	14.5645     
3.195 	15.2469     
3.205 	15.8497     
3.215 	16.3451     
3.225 	16.7092     
3.235 	16.9231     
3.245 	16.9733     
3.255 	16.8526     
3.265 	16.5596     
3.275 	16.0991     
3.285 	15.4818     
3.295 	14.7238     
3.305 	13.8455     
3.315 	12.8713     
3.325 	11.8285     
3.335 	10.7457     
3.345 	9.6524      
3.355 	8.57768     
3.365 	7.54895     
3.375 	6.59119     
3.385 	5.72605     
3.395 	4.97116     
3.405 	4.33961     
3.415 	3.83961     
3.425 	3.47437     
3.435 	3.24212     
3.445 	3.13634     
3.455 	3.14622     
3.465 	3.25717     
3.475 	3.45153     
3.485 	3.70933     
3.495 	4.00917     
3.505 	4.32906     
3.515 	4.64729     
3.525 	4.94327     
3.535 	5.19829     
3.545 	5.39615     
3.555 	5.52374     
3.565 	5.57143     
3.575 	5.53332     
3.585 	5.40735     
3.595 	5.19524     
3.605 	4.90231     
3.615 	4.53712     
3.625 	4.11104     
3.635 	3.63767     
3.645 	3.13228     
3.655 	2.61106     
3.665 	2.0905      
3.675 	1.58669     
3.685 	1.11466     
3.695 	0.687812    
3.705 	0.317417    
3.715 	0.0122104   
3.725 	-0.221901   
3.735 	-0.382011   
3.745 	-0.468257   
3.755 	-0.483749   
3.765 	-0.434368   
3.775 	-0.328472   
3.785 	-0.176502   
3.795 	0.00948826  
3.805 	0.216348    
3.815 	0.430386    
3.825 	0.637933    
3.835 	0.825887    
3.845 	0.982235    
3.855 	1.09651     
3.865 	1.16017     
3.875 	1.16693     
3.885 	1.11294     
3.895 	0.996902    
3.905 	0.820088    
3.915 	0.58622     
3.925 	0.301285    
3.935 	-0.0267468  
3.945 	-0.388278   
3.955 	-0.772496   
3.965 	-1.16782    
3.975 	-1.5624     
3.985 	-1.94456    
3.995 	-2.30328    
4.005 	-2.62862    
4.015 	-2.91211    
4.025 	-3.14703    
4.035 	-3.32868    
4.045 	-3.45453    
4.055 	-3.52426    
4.065 	-3.53977    
4.075 	-3.50503    
4.085 	-3.42595    
4.095 	-3.31006    
4.105 	-3.1662     
4.115 	-3.00417    
4.125 	-2.83432    
4.135 	-2.66711    
4.145 	-2.51272    
4.155 	-2.38065    
4.165 	-2.27934    
4.175 	-2.21586    
4.185 	-2.19565    
4.195 	-2.22232    
4.205 	-2.29754    
4.215 	-2.42097    
4.225 	-2.59034    
4.235 	-2.80152    
4.245 	-3.04872    
4.255 	-3.32474    
4.265 	-3.62121    
4.275 	-3.929      
4.285 	-4.23852    
4.295 	-4.5401     
4.305 	-4.82436    
4.315 	-5.08257    
4.325 	-5.30694    
4.335 	-5.4909     
4.345 	-5.62935    
4.355 	-5.71879    
4.365 	-5.75742    
4.375 	-5.7452     
4.385 	-5.68377    
4.395 	-5.57637    
4.405 	-5.42767    
4.415 	-5.24353    
4.425 	-5.03081    
4.435 	-4.79697    
4.445 	-4.54985    
4.455 	-4.2973     
4.465 	-4.04687    
4.475 	-3.80552    
4.485 	-3.57934    
4.495 	-3.37332    
4.505 	-3.19117    
4.515 	-3.03519    
4.525 	-2.90617    
4.535 	-2.80344    
4.545 	-2.72486    
4.555 	-2.66696    
4.565 	-2.62508    
4.575 	-2.59361    
4.585 	-2.56618    
4.595 	-2.536      
4.605 	-2.49609    
4.615 	-2.43959    
4.625 	-2.36006    
4.635 	-2.25176    
4.645 	-2.10985    
4.655 	-1.93064    
4.665 	-1.71172    
4.675 	-1.45212    
4.685 	-1.1523     
4.695 	-0.814209   
4.705 	-0.441199   
4.715 	-0.0379369  
4.725 	0.389757    
4.735 	0.835106    
4.745 	1.29061     
4.755 	1.7483      
4.765 	2.2         
4.775 	2.63765     
4.785 	3.0535      
4.795 	3.44044     
4.805 	3.79221     
4.815 	4.10359     
4.825 	4.37055     
4.835 	4.59041     
4.845 	4.76187     
4.855 	4.88501     
4.865 	4.9613      
4.875 	4.99348     
4.885 	4.98546     
4.895 	4.94212     
4.905 	4.86911     
4.915 	4.77267     
4.925 	4.65932     
4.935 	4.53568     
4.945 	4.40815     
4.955 	4.28277     
4.965 	4.16492     
4.975 	4.05917     
4.985 	3.96914     
4.995 	3.89738     
5.005 	3.8453      
5.015 	3.81312     
5.025 	3.79996     
5.035 	3.80382     
5.045 	3.82176     
5.055 	3.84998     
5.065 	3.88403     
5.075 	3.91899     
5.085 	3.94968     
5.095 	3.97084     
5.105 	3.9774      
5.115 	3.96467     
5.125 	3.92848     
5.135 	3.86539     
5.145 	3.77282     
5.155 	3.64914     
5.165 	3.49371     
5.175 	3.30696     
5.185 	3.0903      
5.195 	2.84615     
5.205 	2.57778     
5.215 	2.28923     
5.225 	1.98514     
5.235 	1.67059     
5.245 	1.35095     
5.255 	1.03163     
5.265 	0.717948    
5.275 	0.414929    
5.285 	0.127132    
5.295 	-0.141482   
5.305 	-0.387678   
5.315 	-0.609034   
5.325 	-0.804003   
5.335 	-0.971937   
5.345 	-1.11308    
5.355 	-1.22852    
5.365 	-1.32012    
5.375 	-1.39043    
5.385 	-1.44254    
5.395 	-1.47997    
5.405 	-1.50647    
5.415 	-1.52593    
5.425 	-1.54213    
5.435 	-1.55869    
5.445 	-1.57885    
5.455 	-1.60537    
5.465 	-1.64045    
5.475 	-1.68561    
5.485 	-1.74171    
5.495 	-1.80883    
5.505 	-1.88639    
5.515 	-1.97308    
5.525 	-2.06703    
5.535 	-2.16579    
5.545 	-2.26654    
5.555 	-2.36613    
5.565 	-2.46126    
5.575 	-2.54858    
5.585 	-2.62489    
5.595 	-2.68718    
5.605 	-2.73284    
5.615 	-2.75969    
5.625 	-2.76611    
5.635 	-2.75111    
5.645 	-2.7143     
5.655 	-2.65601    
5.665 	-2.57717    
5.675 	-2.47936    
5.685 	-2.36468    
5.695 	-2.23573    
5.705 	-2.09547    
5.715 	-1.94714    
5.725 	-1.79411    
5.735 	-1.63979    
5.745 	-1.48749    
5.755 	-1.34031    
5.765 	-1.20104    
5.775 	-1.07205    
5.785 	-0.955256   
5.795 	-0.852012   
5.805 	-0.763116   
5.815 	-0.688786   
5.825 	-0.628672   
5.835 	-0.58189    
5.845 	-0.547073   
5.855 	-0.522445   
5.865 	-0.505902   
5.875 	-0.495112   
5.885 	-0.487613   
5.895 	-0.480918   
5.905 	-0.472626   
5.915 	-0.460511   
5.925 	-0.442618   
5.935 	-0.417335   
5.945 	-0.383461   
5.955 	-0.340241   
5.965 	-0.2874     
5.975 	-0.22514    
5.985 	-0.154134   
5.995 	-0.0754863  
6.005 	0.00931269  
6.015 	0.0984528   
6.025 	0.18988     
6.035 	0.281384    
6.045 	0.370684    
6.055 	0.455527    
6.065 	0.533774    
6.075 	0.603487    
6.085 	0.663002    
6.095 	0.710998    
6.105 	0.746541    
6.115 	0.769126    
6.125 	0.778685    
6.135 	0.775595    
6.145 	0.760654    
6.155 	0.73505     
6.165 	0.700315    
6.175 	0.658258    
6.185 	0.610896    
6.195 	0.560376    
6.205 	0.508891    
6.215 	0.458598    
6.225 	0.411534    
6.235 	0.369542    
6.245 	0.334207    
6.255 	0.306796    
6.265 	0.288218    
6.275 	0.278993    
6.285 	0.279242    
6.295 	0.288691    
6.305 	0.306685    
6.315 	0.332225    
6.325 	0.364012    
6.335 	0.400502    
6.345 	0.439978    
6.355 	0.480613    
6.365 	0.52055     
6.375 	0.557976    
6.385 	0.591189    
6.395 	0.618671    
6.405 	0.639141    
6.415 	0.651603    
6.425 	0.655384    
6.435 	0.650154    
6.445 	0.635933    
6.455 	0.613091    
6.465 	0.582322    
6.475 	0.544616    
6.485 	0.501212    
6.495 	0.453552    
6.505 	0.403214    
6.515 	0.351851    
6.525 	0.301125    
6.535 	0.25264     
6.545 	0.207878    
6.555 	0.168146    
6.565 	0.134523    
6.575 	0.107823    
6.585 	0.088566    
6.595 	0.0769624   
6.605 	0.0729089   
6.615 	0.0759982   
6.625 	0.0855404   
6.635 	0.100595    
6.645 	0.120014    
6.655 	0.142489    
6.665 	0.166611    
6.675 	0.190926    
6.685 	0.213996    
6.695 	0.234461    
6.705 	0.251089    
6.715 	0.262827    
6.725 	0.268846    
6.735 	0.268567    
6.745 	0.261689    
6.755 	0.248194    
6.765 	0.228348    
6.775 	0.202688    
6.785 	0.171999    
6.795 	0.137279    
6.805 	0.0996984   
6.815 	0.0605506   
6.825 	0.0212004   
6.835 	-0.0169723  
6.845 	-0.0526282  
6.855 	-0.0845224  
6.865 	-0.111553   
6.875 	-0.132807   
6.885 	-0.147593   
6.895 	-0.15547    
6.905 	-0.156264   
6.915 	-0.150071   
6.925 	-0.137258   
6.935 	-0.118442   
6.945 	-0.0944665  
6.955 	-0.0663682  
6.965 	-0.0353353  
6.975 	-0.00266028 
6.985 	0.0303111   
6.995 	0.0622319   
7.005 	0.0918065   
7.015 	0.11784     
7.025 	0.139284    
7.035 	0.155276    
7.045 	0.165169    
7.055 	0.168558    
7.065 	0.16529     
7.075 	0.155468    
7.085 	0.139446    
7.095 	0.11781     
7.105 	0.0913532   
7.115 	0.0610431   
7.125 	0.0279806   
7.135 	-0.00664396 
7.145 	-0.0415994  
7.155 	-0.0756621  
7.165 	-0.107664   
7.175 	-0.13654    
7.185 	-0.161365   
7.195 	-0.181393   
7.205 	-0.196081   
7.215 	-0.205112   
7.225 	-0.208399   
7.235 	-0.206094   
7.245 	-0.19857    
7.255 	-0.186409   
7.265 	-0.170377   
7.275 	-0.151386   
7.285 	-0.13046    
7.295 	-0.10869    
7.305 	-0.0871895  
7.315 	-0.0670503  
7.325 	-0.049296   
7.335 	-0.0348419  
7.345 	-0.0244583  
7.355 	-0.0187397  
7.365 	-0.0180814  
7.375 	-0.0226642  
7.385 	-0.032448   
7.395 	-0.0471737  
7.405 	-0.0663744  
7.415 	-0.0893944  
7.425 	-0.115416   
7.435 	-0.143492   
7.445 	-0.172583   
7.455 	-0.2016     
7.465 	-0.229449   
7.475 	-0.255068   
7.485 	-0.277475   
7.495 	-0.295803   
7.505 	-0.309335   
7.515 	-0.317531   
7.525 	-0.320046   
7.535 	-0.316749   
7.545 	-0.30772    
7.555 	-0.293249   
7.565 	-0.273827   
7.575 	-0.25012    
7.585 	-0.222947   
7.595 	-0.193246   
7.605 	-0.162037   
7.615 	-0.130382   
7.625 	-0.0993445  
7.635 	-0.0699485  
7.645 	-0.0431392  
7.655 	-0.0197474  
7.665 	-0.000458261
7.675 	0.0142133   
7.685 	0.0239414   
7.695 	0.0285996   
7.705 	0.028264    
7.715 	0.0232079   
7.725 	0.0138897   
7.735 	0.000932608 
7.745 	-0.014901   
7.755 	-0.0327411  
7.765 	-0.0516452  
7.775 	-0.070636   
7.785 	-0.0887401  
7.795 	-0.105027   
7.805 	-0.118643   
7.815 	-0.12885    
7.825 	-0.135047   
7.835 	-0.136796   
7.845 	-0.133839   
7.855 	-0.126108   
7.865 	-0.113722   
7.875 	-0.0969854  
7.885 	-0.0763757  
7.895 	-0.0525211  
7.905 	-0.0261777  
7.915 	0.00180097  
7.925 	0.0304973   
7.935 	0.0589649   
7.945 	0.0862649   
7.955 	0.111502    
7.965 	0.133857    
7.975 	0.152619    
7.985 	0.16721     
7.995 	0.177206    
8.005 	0.182352    
8.015 	0.182569    
8.025 	0.177954    
8.035 	0.168777    
8.045 	0.155468    
8.055 	0.138596    
8.065 	0.118849    
8.075 	0.0970059   
8.085 	0.0739032   
8.095 	0.0504054   
8.105 	0.0273706   
8.115 	0.00561857  
8.125 	-0.0140996  
8.135 	-0.0311286  
8.145 	-0.0449323  
8.155 	-0.0551109  
8.165 	-0.0614141  
8.175 	-0.0637468  
8.185 	-0.0621693  
8.195 	-0.0568913  
8.205 	-0.0482602  
8.215 	-0.0367437  
8.225 	-0.0229084  
8.235 	-0.00739475 
8.245 	0.00911052  
8.255 	0.0259035   
8.265 	0.0422921   
8.275 	0.0576241   
8.285 	0.0713135   
8.295 	0.0828628   
8.305 	0.0918823   
8.315 	0.0981041   
8.325 	0.101391    
8.335 	0.101738    
8.345 	0.0992754   
8.355 	0.0942533   
8.365 	0.087035    
8.375 	0.0780768   
8.385 	0.0679076   
8.395 	0.057105    
8.405 	0.0462694   
8.415 	0.0359978   
8.425 	0.0268574   
8.435 	0.0193611   
8.445 	0.0139451   
8.455 	0.0109497   
8.465 	0.0106048   
8.475 	0.0130197   
8.485 	0.0181774   
8.495 	0.0259354   
8.505 	0.0360308   
8.515 	0.0480905   
8.525 	0.0616465   
8.535 	0.0761545   
8.545 	0.0910162   
8.555 	0.105603    
8.565 	0.119284    
8.575 	0.131446    
8.585 	0.141527    
8.595 	0.149033    
8.605 	0.153559    
8.615 	0.154811    
8.625 	0.152612    
8.635 	0.146915    
8.645 	0.137803    
8.655 	0.12549     
8.665 	0.11031     
8.675 	0.0927079   
8.685 	0.0732205   
8.695 	0.0524594   
8.705 	0.0310861   
8.715 	0.00978811  
8.725 	-0.0107474  
8.735 	-0.029859   
8.745 	-0.0469362  
8.755 	-0.0614418  
8.765 	-0.0729323  
8.775 	-0.0810741  
8.785 	-0.0856556  
8.795 	-0.0865949  
8.805 	-0.0839421  
8.815 	-0.0778769  
8.825 	-0.0687013  
8.835 	-0.0568276  
8.845 	-0.0427623  
8.855 	-0.0270868  
8.865 	-0.0104352  
8.875 	0.00652995  
8.885 	0.0231421   
8.895 	0.0387558   
8.905 	0.0527702   
8.915 	0.0646511   
8.925 	0.0739498   
8.935 	0.0803188   
8.945 	0.0835237   
8.955 	0.0834499   
8.965 	0.0801055   
8.975 	0.073619    
8.985 	0.0642329   
8.995 	0.0522925   
9.005 	0.0382313   
9.015 	0.0225532   
9.025 	0.00581245  
9.035 	-0.0114086  
9.045 	-0.028522   
9.055 	-0.0449562  
9.065 	-0.0601782  
9.075 	-0.0737125  
9.085 	-0.0851586  
9.095 	-0.0942044  
9.105 	-0.100637   
9.115 	-0.104347   
9.125 	-0.105334   
9.135 	-0.1037     
9.145 	-0.0996466  
9.155 	-0.0934613  
9.165 	-0.0855073  
9.175 	-0.0762058  
9.185 	-0.066018   
9.195 	-0.0554256  
9.205 	-0.0449111  
9.215 	-0.034938   
9.225 	-0.0259324  
9.235 	-0.0182666  
9.245 	-0.0122444  
9.255 	-0.0080907  
9.265 	-0.00594303 
9.275 	-0.00584804 
9.285 	-0.0077611  
9.295 	-0.0115498  
9.305 	-0.0170011  
9.315 	-0.0238316  
9.325 	-0.0317008  
9.335 	-0.0402259  
9.345 	-0.0489993  
9.355 	-0.0576058  
9.365 	-0.0656404  
9.375 	-0.0727257  
9.385 	-0.0785275  
9.395 	-0.0827687  
9.405 	-0.0852407  
9.415 	-0.0858118  
9.425 	-0.0844321  
9.435 	-0.0811355  
9.445 	-0.0760377  
9.455 	-0.0693307  
9.465 	-0.0612748  
9.475 	-0.0521874  
9.485 	-0.0424291  
9.495 	-0.0323888  
9.505 	-0.0224672  
9.515 	-0.0130602  
9.525 	-0.00454206 
9.535 	0.00275006  
9.545 	0.00853005  
9.555 	0.0125749   
9.565 	0.0147339   
9.575 	0.0149353   
9.585 	0.0131889   
9.595 	0.00958628  
9.605 	0.00429732  
9.615 	-0.00243672 
9.625 	-0.0103125  
9.635 	-0.0189767  
9.645 	-0.02804    
9.655 	-0.0370922  
9.665 	-0.0457188  
9.675 	-0.0535171  
9.685 	-0.0601119  
9.695 	-0.0651703  
9.705 	-0.0684145  
9.715 	-0.0696328  
9.725 	-0.0686872  
9.735 	-0.0655191  
9.745 	-0.0601508  
9.755 	-0.0526844  
9.765 	-0.0432981  
9.775 	-0.0322379  
9.785 	-0.0198089  
9.795 	-0.00636257 
9.805 	0.00771667  
9.815 	0.0220264   
9.825 	0.0361615   
9.835 	0.0497295   
9.845 	0.0623653   
9.855 	0.0737441   
9.865 	0.0835933   
9.875 	0.0917019   
9.885 	0.0979267   
9.895 	0.102197    
9.905 	0.104514    
9.915 	0.10495     
9.925 	0.103646    
9.935 	0.100797    
9.945 	0.0966494   
9.955 	0.0914872   
9.965 	0.0856175   
9.975 	0.0793585   
9.985 	0.0730246   
9.995 	0.0669135   