#MD input file for simulation of Azo_t_T1 in Cyclohexane
#Structure
Cyclohexane 256
#Pair_number	X	Y	Z	Mass(a.u)	Charge(C)	Atom_name
1	-1.257424	0.725974	0.235327	12.010000	0.108985	C_100
1	0.000000	1.451948	-0.235327
1	1.257424	0.725974	0.235327
1	1.257424	-0.725974	-0.235327
1	0.000000	-1.451948	0.235327
1	-1.257424	-0.725974	-0.235327
2	-2.150253	1.241449	-0.122868	1.008000	-0.036082	H_100
2	0.000000	-2.482898	-0.122868
2	-2.150253	-1.241449	0.122868
2	0.000000	2.482898	0.122868
2	2.150253	1.241449	-0.122868
2	2.150253	-1.241449	0.122868
3	-1.293709	0.746923	1.328993	1.008000	-0.072903	H_200
3	0.000000	1.493847	-1.328993
3	1.293709	0.746923	1.328993
3	1.293709	-0.746923	-1.328993
3	0.000000	-1.493847	1.328993
3	-1.293709	-0.746923	-1.328993
Azo_t_T1 1
4	1.477788	-0.367657	-0.740776	12.010000	0.093110	C_1
10	2.860173	-0.524520	-0.558396	12.010000	-0.227600	C_2
11	3.742337	0.340558	-1.182521	12.010000	-0.238980	C_3
12	3.263644	1.365800	-1.996817	12.010000	-0.239350	C_4
13	1.891906	1.519857	-2.184486	12.010000	-0.233490	C_5
14	0.996564	0.662336	-1.566002	12.010000	-0.246820	C_6
26	0.643692	-1.248484	-0.075891	14.010000	-0.144000	N_7
27	-0.626096	-1.234454	-0.228284	14.010000	-0.145140	N_8
15	-1.469072	-0.556342	0.633280	12.010000	0.093890	C_9
5	-2.849099	-0.657979	0.399272	12.010000	-0.229160	C_10
6	-3.740474	0.018829	1.213831	12.010000	-0.238530	C_11
7	-3.274180	0.796722	2.272441	12.010000	-0.240870	C_12
8	-1.905294	0.892915	2.511945	12.010000	-0.233020	C_13
9	-1.000612	0.223469	1.703697	12.010000	-0.248850	C_14
16	3.209171	-1.331449	0.076464	1.008000	0.254090	H_15
17	4.810596	0.215657	-1.038205	1.008000	0.246410	H_16
18	3.957879	2.040099	-2.487123	1.008000	0.243860	H_17
19	1.517804	2.314368	-2.822399	1.008000	0.246550	H_18
20	-0.072681	0.767724	-1.711439	1.008000	0.249040	H_19
21	-3.189966	-1.270537	-0.428175	1.008000	0.253740	H_20
22	-4.806559	-0.060052	1.026660	1.008000	0.246220	H_21
23	-3.975861	1.324154	2.910146	1.008000	0.243690	H_22
24	-1.541042	1.494633	3.338546	1.008000	0.246450	H_23
25	0.066237	0.286032	1.884899	1.008000	0.248760	H_24
end
Lennard-Jones
1 	 1 	 1.757280 	 3.430851 
2 	 2 	 0.736384 	 2.571134 
3 	 3 	 0.736384 	 2.571134 
4 	 4 	 1.757280 	 3.430851 
5 	 5 	 1.757280 	 3.430851 
6 	 6 	 1.757280 	 3.430851 
7 	 7 	 1.757280 	 3.430851 
8 	 8 	 1.757280 	 3.430851 
9 	 9 	 1.757280 	 3.430851 
10 	 10 	 1.757280 	 3.430851 
11 	 11 	 1.757280 	 3.430851 
12 	 12 	 1.757280 	 3.430851 
13 	 13 	 1.757280 	 3.430851 
14 	 14 	 1.757280 	 3.430851 
15 	 15 	 1.757280 	 3.430851 
16 	 16 	 0.736384 	 2.571134 
17 	 17 	 0.736384 	 2.571134 
18 	 18 	 0.736384 	 2.571134 
19 	 19 	 0.736384 	 2.571134 
20 	 20 	 0.736384 	 2.571134 
21 	 21 	 0.736384 	 2.571134 
22 	 22 	 0.736384 	 2.571134 
23 	 23 	 0.736384 	 2.571134 
24 	 24 	 0.736384 	 2.571134 
25 	 25 	 0.736384 	 2.571134 
26 	 26 	 1.154784 	 3.260689 
27 	 27 	 1.154784 	 3.260689 
1 	 2 	 1.137556 	 3.000992 
1 	 3 	 1.137556 	 3.000992 
1 	 4 	 1.757280 	 3.430851 
1 	 5 	 1.757280 	 3.430851 
1 	 6 	 1.757280 	 3.430851 
1 	 7 	 1.757280 	 3.430851 
1 	 8 	 1.757280 	 3.430851 
1 	 9 	 1.757280 	 3.430851 
1 	 10 	 1.757280 	 3.430851 
1 	 11 	 1.757280 	 3.430851 
1 	 12 	 1.757280 	 3.430851 
1 	 13 	 1.757280 	 3.430851 
1 	 14 	 1.757280 	 3.430851 
1 	 15 	 1.757280 	 3.430851 
1 	 16 	 1.137556 	 3.000992 
1 	 17 	 1.137556 	 3.000992 
1 	 18 	 1.137556 	 3.000992 
1 	 19 	 1.137556 	 3.000992 
1 	 20 	 1.137556 	 3.000992 
1 	 21 	 1.137556 	 3.000992 
1 	 22 	 1.137556 	 3.000992 
1 	 23 	 1.137556 	 3.000992 
1 	 24 	 1.137556 	 3.000992 
1 	 25 	 1.137556 	 3.000992 
1 	 26 	 1.424528 	 3.345770 
1 	 27 	 1.424528 	 3.345770 
2 	 3 	 0.736384 	 2.571134 
2 	 4 	 1.137556 	 3.000992 
2 	 5 	 1.137556 	 3.000992 
2 	 6 	 1.137556 	 3.000992 
2 	 7 	 1.137556 	 3.000992 
2 	 8 	 1.137556 	 3.000992 
2 	 9 	 1.137556 	 3.000992 
2 	 10 	 1.137556 	 3.000992 
2 	 11 	 1.137556 	 3.000992 
2 	 12 	 1.137556 	 3.000992 
2 	 13 	 1.137556 	 3.000992 
2 	 14 	 1.137556 	 3.000992 
2 	 15 	 1.137556 	 3.000992 
2 	 16 	 0.736384 	 2.571134 
2 	 17 	 0.736384 	 2.571134 
2 	 18 	 0.736384 	 2.571134 
2 	 19 	 0.736384 	 2.571134 
2 	 20 	 0.736384 	 2.571134 
2 	 21 	 0.736384 	 2.571134 
2 	 22 	 0.736384 	 2.571134 
2 	 23 	 0.736384 	 2.571134 
2 	 24 	 0.736384 	 2.571134 
2 	 25 	 0.736384 	 2.571134 
2 	 26 	 0.922152 	 2.915912 
2 	 27 	 0.922152 	 2.915912 
3 	 4 	 1.137556 	 3.000992 
3 	 5 	 1.137556 	 3.000992 
3 	 6 	 1.137556 	 3.000992 
3 	 7 	 1.137556 	 3.000992 
3 	 8 	 1.137556 	 3.000992 
3 	 9 	 1.137556 	 3.000992 
3 	 10 	 1.137556 	 3.000992 
3 	 11 	 1.137556 	 3.000992 
3 	 12 	 1.137556 	 3.000992 
3 	 13 	 1.137556 	 3.000992 
3 	 14 	 1.137556 	 3.000992 
3 	 15 	 1.137556 	 3.000992 
3 	 16 	 0.736384 	 2.571134 
3 	 17 	 0.736384 	 2.571134 
3 	 18 	 0.736384 	 2.571134 
3 	 19 	 0.736384 	 2.571134 
3 	 20 	 0.736384 	 2.571134 
3 	 21 	 0.736384 	 2.571134 
3 	 22 	 0.736384 	 2.571134 
3 	 23 	 0.736384 	 2.571134 
3 	 24 	 0.736384 	 2.571134 
3 	 25 	 0.736384 	 2.571134 
3 	 26 	 0.922152 	 2.915912 
3 	 27 	 0.922152 	 2.915912 
4 	 5 	 1.757280 	 3.430851 
4 	 6 	 1.757280 	 3.430851 
4 	 7 	 1.757280 	 3.430851 
4 	 8 	 1.757280 	 3.430851 
4 	 9 	 1.757280 	 3.430851 
4 	 10 	 1.757280 	 3.430851 
4 	 11 	 1.757280 	 3.430851 
4 	 12 	 1.757280 	 3.430851 
4 	 13 	 1.757280 	 3.430851 
4 	 14 	 1.757280 	 3.430851 
4 	 15 	 1.757280 	 3.430851 
4 	 16 	 1.137556 	 3.000992 
4 	 17 	 1.137556 	 3.000992 
4 	 18 	 1.137556 	 3.000992 
4 	 19 	 1.137556 	 3.000992 
4 	 20 	 1.137556 	 3.000992 
4 	 21 	 1.137556 	 3.000992 
4 	 22 	 1.137556 	 3.000992 
4 	 23 	 1.137556 	 3.000992 
4 	 24 	 1.137556 	 3.000992 
4 	 25 	 1.137556 	 3.000992 
4 	 26 	 1.424528 	 3.345770 
4 	 27 	 1.424528 	 3.345770 
5 	 6 	 1.757280 	 3.430851 
5 	 7 	 1.757280 	 3.430851 
5 	 8 	 1.757280 	 3.430851 
5 	 9 	 1.757280 	 3.430851 
5 	 10 	 1.757280 	 3.430851 
5 	 11 	 1.757280 	 3.430851 
5 	 12 	 1.757280 	 3.430851 
5 	 13 	 1.757280 	 3.430851 
5 	 14 	 1.757280 	 3.430851 
5 	 15 	 1.757280 	 3.430851 
5 	 16 	 1.137556 	 3.000992 
5 	 17 	 1.137556 	 3.000992 
5 	 18 	 1.137556 	 3.000992 
5 	 19 	 1.137556 	 3.000992 
5 	 20 	 1.137556 	 3.000992 
5 	 21 	 1.137556 	 3.000992 
5 	 22 	 1.137556 	 3.000992 
5 	 23 	 1.137556 	 3.000992 
5 	 24 	 1.137556 	 3.000992 
5 	 25 	 1.137556 	 3.000992 
5 	 26 	 1.424528 	 3.345770 
5 	 27 	 1.424528 	 3.345770 
6 	 7 	 1.757280 	 3.430851 
6 	 8 	 1.757280 	 3.430851 
6 	 9 	 1.757280 	 3.430851 
6 	 10 	 1.757280 	 3.430851 
6 	 11 	 1.757280 	 3.430851 
6 	 12 	 1.757280 	 3.430851 
6 	 13 	 1.757280 	 3.430851 
6 	 14 	 1.757280 	 3.430851 
6 	 15 	 1.757280 	 3.430851 
6 	 16 	 1.137556 	 3.000992 
6 	 17 	 1.137556 	 3.000992 
6 	 18 	 1.137556 	 3.000992 
6 	 19 	 1.137556 	 3.000992 
6 	 20 	 1.137556 	 3.000992 
6 	 21 	 1.137556 	 3.000992 
6 	 22 	 1.137556 	 3.000992 
6 	 23 	 1.137556 	 3.000992 
6 	 24 	 1.137556 	 3.000992 
6 	 25 	 1.137556 	 3.000992 
6 	 26 	 1.424528 	 3.345770 
6 	 27 	 1.424528 	 3.345770 
7 	 8 	 1.757280 	 3.430851 
7 	 9 	 1.757280 	 3.430851 
7 	 10 	 1.757280 	 3.430851 
7 	 11 	 1.757280 	 3.430851 
7 	 12 	 1.757280 	 3.430851 
7 	 13 	 1.757280 	 3.430851 
7 	 14 	 1.757280 	 3.430851 
7 	 15 	 1.757280 	 3.430851 
7 	 16 	 1.137556 	 3.000992 
7 	 17 	 1.137556 	 3.000992 
7 	 18 	 1.137556 	 3.000992 
7 	 19 	 1.137556 	 3.000992 
7 	 20 	 1.137556 	 3.000992 
7 	 21 	 1.137556 	 3.000992 
7 	 22 	 1.137556 	 3.000992 
7 	 23 	 1.137556 	 3.000992 
7 	 24 	 1.137556 	 3.000992 
7 	 25 	 1.137556 	 3.000992 
7 	 26 	 1.424528 	 3.345770 
7 	 27 	 1.424528 	 3.345770 
8 	 9 	 1.757280 	 3.430851 
8 	 10 	 1.757280 	 3.430851 
8 	 11 	 1.757280 	 3.430851 
8 	 12 	 1.757280 	 3.430851 
8 	 13 	 1.757280 	 3.430851 
8 	 14 	 1.757280 	 3.430851 
8 	 15 	 1.757280 	 3.430851 
8 	 16 	 1.137556 	 3.000992 
8 	 17 	 1.137556 	 3.000992 
8 	 18 	 1.137556 	 3.000992 
8 	 19 	 1.137556 	 3.000992 
8 	 20 	 1.137556 	 3.000992 
8 	 21 	 1.137556 	 3.000992 
8 	 22 	 1.137556 	 3.000992 
8 	 23 	 1.137556 	 3.000992 
8 	 24 	 1.137556 	 3.000992 
8 	 25 	 1.137556 	 3.000992 
8 	 26 	 1.424528 	 3.345770 
8 	 27 	 1.424528 	 3.345770 
9 	 10 	 1.757280 	 3.430851 
9 	 11 	 1.757280 	 3.430851 
9 	 12 	 1.757280 	 3.430851 
9 	 13 	 1.757280 	 3.430851 
9 	 14 	 1.757280 	 3.430851 
9 	 15 	 1.757280 	 3.430851 
9 	 16 	 1.137556 	 3.000992 
9 	 17 	 1.137556 	 3.000992 
9 	 18 	 1.137556 	 3.000992 
9 	 19 	 1.137556 	 3.000992 
9 	 20 	 1.137556 	 3.000992 
9 	 21 	 1.137556 	 3.000992 
9 	 22 	 1.137556 	 3.000992 
9 	 23 	 1.137556 	 3.000992 
9 	 24 	 1.137556 	 3.000992 
9 	 25 	 1.137556 	 3.000992 
9 	 26 	 1.424528 	 3.345770 
9 	 27 	 1.424528 	 3.345770 
10 	 11 	 1.757280 	 3.430851 
10 	 12 	 1.757280 	 3.430851 
10 	 13 	 1.757280 	 3.430851 
10 	 14 	 1.757280 	 3.430851 
10 	 15 	 1.757280 	 3.430851 
10 	 16 	 1.137556 	 3.000992 
10 	 17 	 1.137556 	 3.000992 
10 	 18 	 1.137556 	 3.000992 
10 	 19 	 1.137556 	 3.000992 
10 	 20 	 1.137556 	 3.000992 
10 	 21 	 1.137556 	 3.000992 
10 	 22 	 1.137556 	 3.000992 
10 	 23 	 1.137556 	 3.000992 
10 	 24 	 1.137556 	 3.000992 
10 	 25 	 1.137556 	 3.000992 
10 	 26 	 1.424528 	 3.345770 
10 	 27 	 1.424528 	 3.345770 
11 	 12 	 1.757280 	 3.430851 
11 	 13 	 1.757280 	 3.430851 
11 	 14 	 1.757280 	 3.430851 
11 	 15 	 1.757280 	 3.430851 
11 	 16 	 1.137556 	 3.000992 
11 	 17 	 1.137556 	 3.000992 
11 	 18 	 1.137556 	 3.000992 
11 	 19 	 1.137556 	 3.000992 
11 	 20 	 1.137556 	 3.000992 
11 	 21 	 1.137556 	 3.000992 
11 	 22 	 1.137556 	 3.000992 
11 	 23 	 1.137556 	 3.000992 
11 	 24 	 1.137556 	 3.000992 
11 	 25 	 1.137556 	 3.000992 
11 	 26 	 1.424528 	 3.345770 
11 	 27 	 1.424528 	 3.345770 
12 	 13 	 1.757280 	 3.430851 
12 	 14 	 1.757280 	 3.430851 
12 	 15 	 1.757280 	 3.430851 
12 	 16 	 1.137556 	 3.000992 
12 	 17 	 1.137556 	 3.000992 
12 	 18 	 1.137556 	 3.000992 
12 	 19 	 1.137556 	 3.000992 
12 	 20 	 1.137556 	 3.000992 
12 	 21 	 1.137556 	 3.000992 
12 	 22 	 1.137556 	 3.000992 
12 	 23 	 1.137556 	 3.000992 
12 	 24 	 1.137556 	 3.000992 
12 	 25 	 1.137556 	 3.000992 
12 	 26 	 1.424528 	 3.345770 
12 	 27 	 1.424528 	 3.345770 
13 	 14 	 1.757280 	 3.430851 
13 	 15 	 1.757280 	 3.430851 
13 	 16 	 1.137556 	 3.000992 
13 	 17 	 1.137556 	 3.000992 
13 	 18 	 1.137556 	 3.000992 
13 	 19 	 1.137556 	 3.000992 
13 	 20 	 1.137556 	 3.000992 
13 	 21 	 1.137556 	 3.000992 
13 	 22 	 1.137556 	 3.000992 
13 	 23 	 1.137556 	 3.000992 
13 	 24 	 1.137556 	 3.000992 
13 	 25 	 1.137556 	 3.000992 
13 	 26 	 1.424528 	 3.345770 
13 	 27 	 1.424528 	 3.345770 
14 	 15 	 1.757280 	 3.430851 
14 	 16 	 1.137556 	 3.000992 
14 	 17 	 1.137556 	 3.000992 
14 	 18 	 1.137556 	 3.000992 
14 	 19 	 1.137556 	 3.000992 
14 	 20 	 1.137556 	 3.000992 
14 	 21 	 1.137556 	 3.000992 
14 	 22 	 1.137556 	 3.000992 
14 	 23 	 1.137556 	 3.000992 
14 	 24 	 1.137556 	 3.000992 
14 	 25 	 1.137556 	 3.000992 
14 	 26 	 1.424528 	 3.345770 
14 	 27 	 1.424528 	 3.345770 
15 	 16 	 1.137556 	 3.000992 
15 	 17 	 1.137556 	 3.000992 
15 	 18 	 1.137556 	 3.000992 
15 	 19 	 1.137556 	 3.000992 
15 	 20 	 1.137556 	 3.000992 
15 	 21 	 1.137556 	 3.000992 
15 	 22 	 1.137556 	 3.000992 
15 	 23 	 1.137556 	 3.000992 
15 	 24 	 1.137556 	 3.000992 
15 	 25 	 1.137556 	 3.000992 
15 	 26 	 1.424528 	 3.345770 
15 	 27 	 1.424528 	 3.345770 
16 	 17 	 0.736384 	 2.571134 
16 	 18 	 0.736384 	 2.571134 
16 	 19 	 0.736384 	 2.571134 
16 	 20 	 0.736384 	 2.571134 
16 	 21 	 0.736384 	 2.571134 
16 	 22 	 0.736384 	 2.571134 
16 	 23 	 0.736384 	 2.571134 
16 	 24 	 0.736384 	 2.571134 
16 	 25 	 0.736384 	 2.571134 
16 	 26 	 0.922152 	 2.915912 
16 	 27 	 0.922152 	 2.915912 
17 	 18 	 0.736384 	 2.571134 
17 	 19 	 0.736384 	 2.571134 
17 	 20 	 0.736384 	 2.571134 
17 	 21 	 0.736384 	 2.571134 
17 	 22 	 0.736384 	 2.571134 
17 	 23 	 0.736384 	 2.571134 
17 	 24 	 0.736384 	 2.571134 
17 	 25 	 0.736384 	 2.571134 
17 	 26 	 0.922152 	 2.915912 
17 	 27 	 0.922152 	 2.915912 
18 	 19 	 0.736384 	 2.571134 
18 	 20 	 0.736384 	 2.571134 
18 	 21 	 0.736384 	 2.571134 
18 	 22 	 0.736384 	 2.571134 
18 	 23 	 0.736384 	 2.571134 
18 	 24 	 0.736384 	 2.571134 
18 	 25 	 0.736384 	 2.571134 
18 	 26 	 0.922152 	 2.915912 
18 	 27 	 0.922152 	 2.915912 
19 	 20 	 0.736384 	 2.571134 
19 	 21 	 0.736384 	 2.571134 
19 	 22 	 0.736384 	 2.571134 
19 	 23 	 0.736384 	 2.571134 
19 	 24 	 0.736384 	 2.571134 
19 	 25 	 0.736384 	 2.571134 
19 	 26 	 0.922152 	 2.915912 
19 	 27 	 0.922152 	 2.915912 
20 	 21 	 0.736384 	 2.571134 
20 	 22 	 0.736384 	 2.571134 
20 	 23 	 0.736384 	 2.571134 
20 	 24 	 0.736384 	 2.571134 
20 	 25 	 0.736384 	 2.571134 
20 	 26 	 0.922152 	 2.915912 
20 	 27 	 0.922152 	 2.915912 
21 	 22 	 0.736384 	 2.571134 
21 	 23 	 0.736384 	 2.571134 
21 	 24 	 0.736384 	 2.571134 
21 	 25 	 0.736384 	 2.571134 
21 	 26 	 0.922152 	 2.915912 
21 	 27 	 0.922152 	 2.915912 
22 	 23 	 0.736384 	 2.571134 
22 	 24 	 0.736384 	 2.571134 
22 	 25 	 0.736384 	 2.571134 
22 	 26 	 0.922152 	 2.915912 
22 	 27 	 0.922152 	 2.915912 
23 	 24 	 0.736384 	 2.571134 
23 	 25 	 0.736384 	 2.571134 
23 	 26 	 0.922152 	 2.915912 
23 	 27 	 0.922152 	 2.915912 
24 	 25 	 0.736384 	 2.571134 
24 	 26 	 0.922152 	 2.915912 
24 	 27 	 0.922152 	 2.915912 
25 	 26 	 0.922152 	 2.915912 
25 	 27 	 0.922152 	 2.915912 
26 	 27 	 1.154784 	 3.260689 
end
