#MD input file for simulation of Azo_c_S0 in Cyclohexane
#Structure
Cyclohexane 256
#Pair_number	X	Y	Z	Mass(a.u)	Charge(C)	Atom_name
1	-1.257424	0.725974	0.235327	12.010000	0.108985	C_100
1	0.000000	1.451948	-0.235327
1	1.257424	0.725974	0.235327
1	1.257424	-0.725974	-0.235327
1	0.000000	-1.451948	0.235327
1	-1.257424	-0.725974	-0.235327
2	-2.150253	1.241449	-0.122868	1.008000	-0.036082	H_100
2	0.000000	-2.482898	-0.122868
2	-2.150253	-1.241449	0.122868
2	0.000000	2.482898	0.122868
2	2.150253	1.241449	-0.122868
2	2.150253	-1.241449	0.122868
3	-1.293709	0.746923	1.328993	1.008000	-0.072903	H_200
3	0.000000	1.493847	-1.328993
3	1.293709	0.746923	1.328993
3	1.293709	-0.746923	-1.328993
3	0.000000	-1.493847	1.328993
3	-1.293709	-0.746923	-1.328993
Azo_c_S0 1
26	0.610747	-0.007450	-0.148289	14.010000	-0.177180	N_1
27	-0.609461	0.007940	0.163975	14.010000	-0.177090	N_2
9	1.233213	1.265178	-0.176066	12.010000	0.074400	C_3
10	-1.232145	-1.264623	0.188228	12.010000	0.074370	C_4
11	2.590820	1.260633	-0.520024	12.010000	-0.171090	C_5
12	-2.587515	-1.262320	0.540283	12.010000	-0.171160	C_6
13	0.583914	2.480106	0.105877	12.010000	-0.193070	C_7
14	-0.586605	-2.476783	-0.113486	12.010000	-0.193070	C_8
15	3.302022	2.457763	-0.581044	12.010000	-0.203850	C_9
4	-3.298990	-2.459533	0.594856	12.010000	-0.203810	C_10
5	1.298748	3.669747	0.042768	12.010000	-0.195950	C_11
6	-1.301974	-3.666511	-0.057760	12.010000	-0.195940	C_12
7	2.657317	3.663499	-0.300051	12.010000	-0.183080	C_13
8	-2.657731	-3.662798	0.295904	12.010000	-0.183110	C_14
16	3.062738	0.306721	-0.733159	1.008000	0.213520	H_15
17	-3.057076	-0.310399	0.767054	1.008000	0.213510	H_16
18	-0.467447	2.461583	0.368457	1.008000	0.224050	H_17
19	0.462677	-2.456331	-0.384157	1.008000	0.224080	H_18
20	4.354303	2.450857	-0.848934	1.008000	0.205100	H_19
21	-4.349855	-2.454296	0.868244	1.008000	0.205080	H_20
22	0.800216	4.610488	0.258991	1.008000	0.203840	H_21
23	-0.806631	-4.604930	-0.290779	1.008000	0.203830	H_22
24	3.207686	4.598686	-0.348890	1.008000	0.203320	H_23
25	-3.209494	-4.597589	0.335586	1.008000	0.203310	H_24
end
Lennard-Jones
1 	 1 	 1.757280 	 3.430851 
2 	 2 	 0.736384 	 2.571134 
3 	 3 	 0.736384 	 2.571134 
4 	 4 	 1.757280 	 3.430851 
5 	 5 	 1.757280 	 3.430851 
6 	 6 	 1.757280 	 3.430851 
7 	 7 	 1.757280 	 3.430851 
8 	 8 	 1.757280 	 3.430851 
9 	 9 	 1.757280 	 3.430851 
10 	 10 	 1.757280 	 3.430851 
11 	 11 	 1.757280 	 3.430851 
12 	 12 	 1.757280 	 3.430851 
13 	 13 	 1.757280 	 3.430851 
14 	 14 	 1.757280 	 3.430851 
15 	 15 	 1.757280 	 3.430851 
16 	 16 	 0.736384 	 2.571134 
17 	 17 	 0.736384 	 2.571134 
18 	 18 	 0.736384 	 2.571134 
19 	 19 	 0.736384 	 2.571134 
20 	 20 	 0.736384 	 2.571134 
21 	 21 	 0.736384 	 2.571134 
22 	 22 	 0.736384 	 2.571134 
23 	 23 	 0.736384 	 2.571134 
24 	 24 	 0.736384 	 2.571134 
25 	 25 	 0.736384 	 2.571134 
26 	 26 	 1.154784 	 3.260689 
27 	 27 	 1.154784 	 3.260689 
1 	 2 	 1.137556 	 3.000992 
1 	 3 	 1.137556 	 3.000992 
1 	 4 	 1.757280 	 3.430851 
1 	 5 	 1.757280 	 3.430851 
1 	 6 	 1.757280 	 3.430851 
1 	 7 	 1.757280 	 3.430851 
1 	 8 	 1.757280 	 3.430851 
1 	 9 	 1.757280 	 3.430851 
1 	 10 	 1.757280 	 3.430851 
1 	 11 	 1.757280 	 3.430851 
1 	 12 	 1.757280 	 3.430851 
1 	 13 	 1.757280 	 3.430851 
1 	 14 	 1.757280 	 3.430851 
1 	 15 	 1.757280 	 3.430851 
1 	 16 	 1.137556 	 3.000992 
1 	 17 	 1.137556 	 3.000992 
1 	 18 	 1.137556 	 3.000992 
1 	 19 	 1.137556 	 3.000992 
1 	 20 	 1.137556 	 3.000992 
1 	 21 	 1.137556 	 3.000992 
1 	 22 	 1.137556 	 3.000992 
1 	 23 	 1.137556 	 3.000992 
1 	 24 	 1.137556 	 3.000992 
1 	 25 	 1.137556 	 3.000992 
1 	 26 	 1.424528 	 3.345770 
1 	 27 	 1.424528 	 3.345770 
2 	 3 	 0.736384 	 2.571134 
2 	 4 	 1.137556 	 3.000992 
2 	 5 	 1.137556 	 3.000992 
2 	 6 	 1.137556 	 3.000992 
2 	 7 	 1.137556 	 3.000992 
2 	 8 	 1.137556 	 3.000992 
2 	 9 	 1.137556 	 3.000992 
2 	 10 	 1.137556 	 3.000992 
2 	 11 	 1.137556 	 3.000992 
2 	 12 	 1.137556 	 3.000992 
2 	 13 	 1.137556 	 3.000992 
2 	 14 	 1.137556 	 3.000992 
2 	 15 	 1.137556 	 3.000992 
2 	 16 	 0.736384 	 2.571134 
2 	 17 	 0.736384 	 2.571134 
2 	 18 	 0.736384 	 2.571134 
2 	 19 	 0.736384 	 2.571134 
2 	 20 	 0.736384 	 2.571134 
2 	 21 	 0.736384 	 2.571134 
2 	 22 	 0.736384 	 2.571134 
2 	 23 	 0.736384 	 2.571134 
2 	 24 	 0.736384 	 2.571134 
2 	 25 	 0.736384 	 2.571134 
2 	 26 	 0.922152 	 2.915912 
2 	 27 	 0.922152 	 2.915912 
3 	 4 	 1.137556 	 3.000992 
3 	 5 	 1.137556 	 3.000992 
3 	 6 	 1.137556 	 3.000992 
3 	 7 	 1.137556 	 3.000992 
3 	 8 	 1.137556 	 3.000992 
3 	 9 	 1.137556 	 3.000992 
3 	 10 	 1.137556 	 3.000992 
3 	 11 	 1.137556 	 3.000992 
3 	 12 	 1.137556 	 3.000992 
3 	 13 	 1.137556 	 3.000992 
3 	 14 	 1.137556 	 3.000992 
3 	 15 	 1.137556 	 3.000992 
3 	 16 	 0.736384 	 2.571134 
3 	 17 	 0.736384 	 2.571134 
3 	 18 	 0.736384 	 2.571134 
3 	 19 	 0.736384 	 2.571134 
3 	 20 	 0.736384 	 2.571134 
3 	 21 	 0.736384 	 2.571134 
3 	 22 	 0.736384 	 2.571134 
3 	 23 	 0.736384 	 2.571134 
3 	 24 	 0.736384 	 2.571134 
3 	 25 	 0.736384 	 2.571134 
3 	 26 	 0.922152 	 2.915912 
3 	 27 	 0.922152 	 2.915912 
4 	 5 	 1.757280 	 3.430851 
4 	 6 	 1.757280 	 3.430851 
4 	 7 	 1.757280 	 3.430851 
4 	 8 	 1.757280 	 3.430851 
4 	 9 	 1.757280 	 3.430851 
4 	 10 	 1.757280 	 3.430851 
4 	 11 	 1.757280 	 3.430851 
4 	 12 	 1.757280 	 3.430851 
4 	 13 	 1.757280 	 3.430851 
4 	 14 	 1.757280 	 3.430851 
4 	 15 	 1.757280 	 3.430851 
4 	 16 	 1.137556 	 3.000992 
4 	 17 	 1.137556 	 3.000992 
4 	 18 	 1.137556 	 3.000992 
4 	 19 	 1.137556 	 3.000992 
4 	 20 	 1.137556 	 3.000992 
4 	 21 	 1.137556 	 3.000992 
4 	 22 	 1.137556 	 3.000992 
4 	 23 	 1.137556 	 3.000992 
4 	 24 	 1.137556 	 3.000992 
4 	 25 	 1.137556 	 3.000992 
4 	 26 	 1.424528 	 3.345770 
4 	 27 	 1.424528 	 3.345770 
5 	 6 	 1.757280 	 3.430851 
5 	 7 	 1.757280 	 3.430851 
5 	 8 	 1.757280 	 3.430851 
5 	 9 	 1.757280 	 3.430851 
5 	 10 	 1.757280 	 3.430851 
5 	 11 	 1.757280 	 3.430851 
5 	 12 	 1.757280 	 3.430851 
5 	 13 	 1.757280 	 3.430851 
5 	 14 	 1.757280 	 3.430851 
5 	 15 	 1.757280 	 3.430851 
5 	 16 	 1.137556 	 3.000992 
5 	 17 	 1.137556 	 3.000992 
5 	 18 	 1.137556 	 3.000992 
5 	 19 	 1.137556 	 3.000992 
5 	 20 	 1.137556 	 3.000992 
5 	 21 	 1.137556 	 3.000992 
5 	 22 	 1.137556 	 3.000992 
5 	 23 	 1.137556 	 3.000992 
5 	 24 	 1.137556 	 3.000992 
5 	 25 	 1.137556 	 3.000992 
5 	 26 	 1.424528 	 3.345770 
5 	 27 	 1.424528 	 3.345770 
6 	 7 	 1.757280 	 3.430851 
6 	 8 	 1.757280 	 3.430851 
6 	 9 	 1.757280 	 3.430851 
6 	 10 	 1.757280 	 3.430851 
6 	 11 	 1.757280 	 3.430851 
6 	 12 	 1.757280 	 3.430851 
6 	 13 	 1.757280 	 3.430851 
6 	 14 	 1.757280 	 3.430851 
6 	 15 	 1.757280 	 3.430851 
6 	 16 	 1.137556 	 3.000992 
6 	 17 	 1.137556 	 3.000992 
6 	 18 	 1.137556 	 3.000992 
6 	 19 	 1.137556 	 3.000992 
6 	 20 	 1.137556 	 3.000992 
6 	 21 	 1.137556 	 3.000992 
6 	 22 	 1.137556 	 3.000992 
6 	 23 	 1.137556 	 3.000992 
6 	 24 	 1.137556 	 3.000992 
6 	 25 	 1.137556 	 3.000992 
6 	 26 	 1.424528 	 3.345770 
6 	 27 	 1.424528 	 3.345770 
7 	 8 	 1.757280 	 3.430851 
7 	 9 	 1.757280 	 3.430851 
7 	 10 	 1.757280 	 3.430851 
7 	 11 	 1.757280 	 3.430851 
7 	 12 	 1.757280 	 3.430851 
7 	 13 	 1.757280 	 3.430851 
7 	 14 	 1.757280 	 3.430851 
7 	 15 	 1.757280 	 3.430851 
7 	 16 	 1.137556 	 3.000992 
7 	 17 	 1.137556 	 3.000992 
7 	 18 	 1.137556 	 3.000992 
7 	 19 	 1.137556 	 3.000992 
7 	 20 	 1.137556 	 3.000992 
7 	 21 	 1.137556 	 3.000992 
7 	 22 	 1.137556 	 3.000992 
7 	 23 	 1.137556 	 3.000992 
7 	 24 	 1.137556 	 3.000992 
7 	 25 	 1.137556 	 3.000992 
7 	 26 	 1.424528 	 3.345770 
7 	 27 	 1.424528 	 3.345770 
8 	 9 	 1.757280 	 3.430851 
8 	 10 	 1.757280 	 3.430851 
8 	 11 	 1.757280 	 3.430851 
8 	 12 	 1.757280 	 3.430851 
8 	 13 	 1.757280 	 3.430851 
8 	 14 	 1.757280 	 3.430851 
8 	 15 	 1.757280 	 3.430851 
8 	 16 	 1.137556 	 3.000992 
8 	 17 	 1.137556 	 3.000992 
8 	 18 	 1.137556 	 3.000992 
8 	 19 	 1.137556 	 3.000992 
8 	 20 	 1.137556 	 3.000992 
8 	 21 	 1.137556 	 3.000992 
8 	 22 	 1.137556 	 3.000992 
8 	 23 	 1.137556 	 3.000992 
8 	 24 	 1.137556 	 3.000992 
8 	 25 	 1.137556 	 3.000992 
8 	 26 	 1.424528 	 3.345770 
8 	 27 	 1.424528 	 3.345770 
9 	 10 	 1.757280 	 3.430851 
9 	 11 	 1.757280 	 3.430851 
9 	 12 	 1.757280 	 3.430851 
9 	 13 	 1.757280 	 3.430851 
9 	 14 	 1.757280 	 3.430851 
9 	 15 	 1.757280 	 3.430851 
9 	 16 	 1.137556 	 3.000992 
9 	 17 	 1.137556 	 3.000992 
9 	 18 	 1.137556 	 3.000992 
9 	 19 	 1.137556 	 3.000992 
9 	 20 	 1.137556 	 3.000992 
9 	 21 	 1.137556 	 3.000992 
9 	 22 	 1.137556 	 3.000992 
9 	 23 	 1.137556 	 3.000992 
9 	 24 	 1.137556 	 3.000992 
9 	 25 	 1.137556 	 3.000992 
9 	 26 	 1.424528 	 3.345770 
9 	 27 	 1.424528 	 3.345770 
10 	 11 	 1.757280 	 3.430851 
10 	 12 	 1.757280 	 3.430851 
10 	 13 	 1.757280 	 3.430851 
10 	 14 	 1.757280 	 3.430851 
10 	 15 	 1.757280 	 3.430851 
10 	 16 	 1.137556 	 3.000992 
10 	 17 	 1.137556 	 3.000992 
10 	 18 	 1.137556 	 3.000992 
10 	 19 	 1.137556 	 3.000992 
10 	 20 	 1.137556 	 3.000992 
10 	 21 	 1.137556 	 3.000992 
10 	 22 	 1.137556 	 3.000992 
10 	 23 	 1.137556 	 3.000992 
10 	 24 	 1.137556 	 3.000992 
10 	 25 	 1.137556 	 3.000992 
10 	 26 	 1.424528 	 3.345770 
10 	 27 	 1.424528 	 3.345770 
11 	 12 	 1.757280 	 3.430851 
11 	 13 	 1.757280 	 3.430851 
11 	 14 	 1.757280 	 3.430851 
11 	 15 	 1.757280 	 3.430851 
11 	 16 	 1.137556 	 3.000992 
11 	 17 	 1.137556 	 3.000992 
11 	 18 	 1.137556 	 3.000992 
11 	 19 	 1.137556 	 3.000992 
11 	 20 	 1.137556 	 3.000992 
11 	 21 	 1.137556 	 3.000992 
11 	 22 	 1.137556 	 3.000992 
11 	 23 	 1.137556 	 3.000992 
11 	 24 	 1.137556 	 3.000992 
11 	 25 	 1.137556 	 3.000992 
11 	 26 	 1.424528 	 3.345770 
11 	 27 	 1.424528 	 3.345770 
12 	 13 	 1.757280 	 3.430851 
12 	 14 	 1.757280 	 3.430851 
12 	 15 	 1.757280 	 3.430851 
12 	 16 	 1.137556 	 3.000992 
12 	 17 	 1.137556 	 3.000992 
12 	 18 	 1.137556 	 3.000992 
12 	 19 	 1.137556 	 3.000992 
12 	 20 	 1.137556 	 3.000992 
12 	 21 	 1.137556 	 3.000992 
12 	 22 	 1.137556 	 3.000992 
12 	 23 	 1.137556 	 3.000992 
12 	 24 	 1.137556 	 3.000992 
12 	 25 	 1.137556 	 3.000992 
12 	 26 	 1.424528 	 3.345770 
12 	 27 	 1.424528 	 3.345770 
13 	 14 	 1.757280 	 3.430851 
13 	 15 	 1.757280 	 3.430851 
13 	 16 	 1.137556 	 3.000992 
13 	 17 	 1.137556 	 3.000992 
13 	 18 	 1.137556 	 3.000992 
13 	 19 	 1.137556 	 3.000992 
13 	 20 	 1.137556 	 3.000992 
13 	 21 	 1.137556 	 3.000992 
13 	 22 	 1.137556 	 3.000992 
13 	 23 	 1.137556 	 3.000992 
13 	 24 	 1.137556 	 3.000992 
13 	 25 	 1.137556 	 3.000992 
13 	 26 	 1.424528 	 3.345770 
13 	 27 	 1.424528 	 3.345770 
14 	 15 	 1.757280 	 3.430851 
14 	 16 	 1.137556 	 3.000992 
14 	 17 	 1.137556 	 3.000992 
14 	 18 	 1.137556 	 3.000992 
14 	 19 	 1.137556 	 3.000992 
14 	 20 	 1.137556 	 3.000992 
14 	 21 	 1.137556 	 3.000992 
14 	 22 	 1.137556 	 3.000992 
14 	 23 	 1.137556 	 3.000992 
14 	 24 	 1.137556 	 3.000992 
14 	 25 	 1.137556 	 3.000992 
14 	 26 	 1.424528 	 3.345770 
14 	 27 	 1.424528 	 3.345770 
15 	 16 	 1.137556 	 3.000992 
15 	 17 	 1.137556 	 3.000992 
15 	 18 	 1.137556 	 3.000992 
15 	 19 	 1.137556 	 3.000992 
15 	 20 	 1.137556 	 3.000992 
15 	 21 	 1.137556 	 3.000992 
15 	 22 	 1.137556 	 3.000992 
15 	 23 	 1.137556 	 3.000992 
15 	 24 	 1.137556 	 3.000992 
15 	 25 	 1.137556 	 3.000992 
15 	 26 	 1.424528 	 3.345770 
15 	 27 	 1.424528 	 3.345770 
16 	 17 	 0.736384 	 2.571134 
16 	 18 	 0.736384 	 2.571134 
16 	 19 	 0.736384 	 2.571134 
16 	 20 	 0.736384 	 2.571134 
16 	 21 	 0.736384 	 2.571134 
16 	 22 	 0.736384 	 2.571134 
16 	 23 	 0.736384 	 2.571134 
16 	 24 	 0.736384 	 2.571134 
16 	 25 	 0.736384 	 2.571134 
16 	 26 	 0.922152 	 2.915912 
16 	 27 	 0.922152 	 2.915912 
17 	 18 	 0.736384 	 2.571134 
17 	 19 	 0.736384 	 2.571134 
17 	 20 	 0.736384 	 2.571134 
17 	 21 	 0.736384 	 2.571134 
17 	 22 	 0.736384 	 2.571134 
17 	 23 	 0.736384 	 2.571134 
17 	 24 	 0.736384 	 2.571134 
17 	 25 	 0.736384 	 2.571134 
17 	 26 	 0.922152 	 2.915912 
17 	 27 	 0.922152 	 2.915912 
18 	 19 	 0.736384 	 2.571134 
18 	 20 	 0.736384 	 2.571134 
18 	 21 	 0.736384 	 2.571134 
18 	 22 	 0.736384 	 2.571134 
18 	 23 	 0.736384 	 2.571134 
18 	 24 	 0.736384 	 2.571134 
18 	 25 	 0.736384 	 2.571134 
18 	 26 	 0.922152 	 2.915912 
18 	 27 	 0.922152 	 2.915912 
19 	 20 	 0.736384 	 2.571134 
19 	 21 	 0.736384 	 2.571134 
19 	 22 	 0.736384 	 2.571134 
19 	 23 	 0.736384 	 2.571134 
19 	 24 	 0.736384 	 2.571134 
19 	 25 	 0.736384 	 2.571134 
19 	 26 	 0.922152 	 2.915912 
19 	 27 	 0.922152 	 2.915912 
20 	 21 	 0.736384 	 2.571134 
20 	 22 	 0.736384 	 2.571134 
20 	 23 	 0.736384 	 2.571134 
20 	 24 	 0.736384 	 2.571134 
20 	 25 	 0.736384 	 2.571134 
20 	 26 	 0.922152 	 2.915912 
20 	 27 	 0.922152 	 2.915912 
21 	 22 	 0.736384 	 2.571134 
21 	 23 	 0.736384 	 2.571134 
21 	 24 	 0.736384 	 2.571134 
21 	 25 	 0.736384 	 2.571134 
21 	 26 	 0.922152 	 2.915912 
21 	 27 	 0.922152 	 2.915912 
22 	 23 	 0.736384 	 2.571134 
22 	 24 	 0.736384 	 2.571134 
22 	 25 	 0.736384 	 2.571134 
22 	 26 	 0.922152 	 2.915912 
22 	 27 	 0.922152 	 2.915912 
23 	 24 	 0.736384 	 2.571134 
23 	 25 	 0.736384 	 2.571134 
23 	 26 	 0.922152 	 2.915912 
23 	 27 	 0.922152 	 2.915912 
24 	 25 	 0.736384 	 2.571134 
24 	 26 	 0.922152 	 2.915912 
24 	 27 	 0.922152 	 2.915912 
25 	 26 	 0.922152 	 2.915912 
25 	 27 	 0.922152 	 2.915912 
26 	 27 	 1.154784 	 3.260689 
end
