#MD input file for simulation of DiBrAzo_t_S1 in Cyclohexane
#Structure
Cyclohexane 256
#Pair_number	X	Y	Z	Mass(a.u)	Charge(C)	Atom_name
1	-1.257424	0.725974	0.235327	12.010000	0.108985	C_100
1	0.000000	1.451948	-0.235327
1	1.257424	0.725974	0.235327
1	1.257424	-0.725974	-0.235327
1	0.000000	-1.451948	0.235327
1	-1.257424	-0.725974	-0.235327
2	-2.150253	1.241449	-0.122868	1.008000	-0.036082	H_100
2	0.000000	-2.482898	-0.122868
2	-2.150253	-1.241449	0.122868
2	0.000000	2.482898	0.122868
2	2.150253	1.241449	-0.122868
2	2.150253	-1.241449	0.122868
3	-1.293709	0.746923	1.328993	1.008000	-0.072903	H_200
3	0.000000	1.493847	-1.328993
3	1.293709	0.746923	1.328993
3	1.293709	-0.746923	-1.328993
3	0.000000	-1.493847	1.328993
3	-1.293709	-0.746923	-1.328993
DiBrAzo_t_S1 1
6	1.556723	-0.259695	-0.491571	12.010000	0.071660	C_1
12	2.946493	-0.388453	-0.258671	12.010000	-0.162500	C_2
13	3.847700	0.454455	-0.891252	12.010000	-0.238220	C_3
14	3.367037	1.428242	-1.771930	12.010000	-0.069530	C_4
15	2.000965	1.570982	-2.030475	12.010000	-0.230790	C_5
16	1.097816	0.731033	-1.395973	12.010000	-0.193390	C_6
26	0.717625	-1.100542	0.193665	14.010000	-0.141220	N_7
27	-0.564443	-1.089414	-0.004173	14.010000	-0.141310	N_8
17	-1.415797	-0.419031	0.835516	12.010000	0.071930	C_9
7	-2.804475	-0.525100	0.583357	12.010000	-0.162350	C_10
8	-3.717738	0.158357	1.371865	12.010000	-0.238290	C_11
9	-3.250558	0.948275	2.426738	12.010000	-0.069420	C_12
10	-1.885924	1.063687	2.706168	12.010000	-0.230900	C_13
11	-0.970687	0.383165	1.917086	12.010000	-0.193170	C_14
18	3.288555	-1.153441	0.430746	1.008000	0.219780	H_15
19	4.912190	0.360796	-0.708541	1.008000	0.223860	H_16
20	1.652865	2.329219	-2.723306	1.008000	0.223490	H_17
21	0.033609	0.822326	-1.584959	1.008000	0.220190	H_18
22	-3.135899	-1.144719	-0.243491	1.008000	0.219760	H_19
23	-4.781234	0.083127	1.175367	1.008000	0.223870	H_20
24	-1.548457	1.678322	3.533485	1.008000	0.223500	H_21
25	0.092716	0.456427	2.118153	1.008000	0.220140	H_22
4	-4.537483	1.914819	3.539958	79.900000	0.076520	Br_23
5	4.636870	2.618842	-2.666178	79.900000	0.076400	Br_24
end
Lennard-Jones
1 	 1 	 1.757280 	 3.430851 
2 	 2 	 0.736384 	 2.571134 
3 	 3 	 0.736384 	 2.571134 
4 	 4 	 4.200736 	 3.731975 
5 	 5 	 4.200736 	 3.731975 
6 	 6 	 1.757280 	 3.430851 
7 	 7 	 1.757280 	 3.430851 
8 	 8 	 1.757280 	 3.430851 
9 	 9 	 1.757280 	 3.430851 
10 	 10 	 1.757280 	 3.430851 
11 	 11 	 1.757280 	 3.430851 
12 	 12 	 1.757280 	 3.430851 
13 	 13 	 1.757280 	 3.430851 
14 	 14 	 1.757280 	 3.430851 
15 	 15 	 1.757280 	 3.430851 
16 	 16 	 1.757280 	 3.430851 
17 	 17 	 1.757280 	 3.430851 
18 	 18 	 0.736384 	 2.571134 
19 	 19 	 0.736384 	 2.571134 
20 	 20 	 0.736384 	 2.571134 
21 	 21 	 0.736384 	 2.571134 
22 	 22 	 0.736384 	 2.571134 
23 	 23 	 0.736384 	 2.571134 
24 	 24 	 0.736384 	 2.571134 
25 	 25 	 0.736384 	 2.571134 
26 	 26 	 1.154784 	 3.260689 
27 	 27 	 1.154784 	 3.260689 
1 	 2 	 1.137556 	 3.000992 
1 	 3 	 1.137556 	 3.000992 
1 	 4 	 2.716960 	 3.581413 
1 	 5 	 2.716960 	 3.581413 
1 	 6 	 1.757280 	 3.430851 
1 	 7 	 1.757280 	 3.430851 
1 	 8 	 1.757280 	 3.430851 
1 	 9 	 1.757280 	 3.430851 
1 	 10 	 1.757280 	 3.430851 
1 	 11 	 1.757280 	 3.430851 
1 	 12 	 1.757280 	 3.430851 
1 	 13 	 1.757280 	 3.430851 
1 	 14 	 1.757280 	 3.430851 
1 	 15 	 1.757280 	 3.430851 
1 	 16 	 1.757280 	 3.430851 
1 	 17 	 1.757280 	 3.430851 
1 	 18 	 1.137556 	 3.000992 
1 	 19 	 1.137556 	 3.000992 
1 	 20 	 1.137556 	 3.000992 
1 	 21 	 1.137556 	 3.000992 
1 	 22 	 1.137556 	 3.000992 
1 	 23 	 1.137556 	 3.000992 
1 	 24 	 1.137556 	 3.000992 
1 	 25 	 1.137556 	 3.000992 
1 	 26 	 1.424528 	 3.345770 
1 	 27 	 1.424528 	 3.345770 
2 	 3 	 0.736384 	 2.571134 
2 	 4 	 1.758794 	 3.151554 
2 	 5 	 1.758794 	 3.151554 
2 	 6 	 1.137556 	 3.000992 
2 	 7 	 1.137556 	 3.000992 
2 	 8 	 1.137556 	 3.000992 
2 	 9 	 1.137556 	 3.000992 
2 	 10 	 1.137556 	 3.000992 
2 	 11 	 1.137556 	 3.000992 
2 	 12 	 1.137556 	 3.000992 
2 	 13 	 1.137556 	 3.000992 
2 	 14 	 1.137556 	 3.000992 
2 	 15 	 1.137556 	 3.000992 
2 	 16 	 1.137556 	 3.000992 
2 	 17 	 1.137556 	 3.000992 
2 	 18 	 0.736384 	 2.571134 
2 	 19 	 0.736384 	 2.571134 
2 	 20 	 0.736384 	 2.571134 
2 	 21 	 0.736384 	 2.571134 
2 	 22 	 0.736384 	 2.571134 
2 	 23 	 0.736384 	 2.571134 
2 	 24 	 0.736384 	 2.571134 
2 	 25 	 0.736384 	 2.571134 
2 	 26 	 0.922152 	 2.915912 
2 	 27 	 0.922152 	 2.915912 
3 	 4 	 1.758794 	 3.151554 
3 	 5 	 1.758794 	 3.151554 
3 	 6 	 1.137556 	 3.000992 
3 	 7 	 1.137556 	 3.000992 
3 	 8 	 1.137556 	 3.000992 
3 	 9 	 1.137556 	 3.000992 
3 	 10 	 1.137556 	 3.000992 
3 	 11 	 1.137556 	 3.000992 
3 	 12 	 1.137556 	 3.000992 
3 	 13 	 1.137556 	 3.000992 
3 	 14 	 1.137556 	 3.000992 
3 	 15 	 1.137556 	 3.000992 
3 	 16 	 1.137556 	 3.000992 
3 	 17 	 1.137556 	 3.000992 
3 	 18 	 0.736384 	 2.571134 
3 	 19 	 0.736384 	 2.571134 
3 	 20 	 0.736384 	 2.571134 
3 	 21 	 0.736384 	 2.571134 
3 	 22 	 0.736384 	 2.571134 
3 	 23 	 0.736384 	 2.571134 
3 	 24 	 0.736384 	 2.571134 
3 	 25 	 0.736384 	 2.571134 
3 	 26 	 0.922152 	 2.915912 
3 	 27 	 0.922152 	 2.915912 
4 	 5 	 4.200736 	 3.731975 
4 	 6 	 2.716960 	 3.581413 
4 	 7 	 2.716960 	 3.581413 
4 	 8 	 2.716960 	 3.581413 
4 	 9 	 2.716960 	 3.581413 
4 	 10 	 2.716960 	 3.581413 
4 	 11 	 2.716960 	 3.581413 
4 	 12 	 2.716960 	 3.581413 
4 	 13 	 2.716960 	 3.581413 
4 	 14 	 2.716960 	 3.581413 
4 	 15 	 2.716960 	 3.581413 
4 	 16 	 2.716960 	 3.581413 
4 	 17 	 2.716960 	 3.581413 
4 	 18 	 1.758794 	 3.151554 
4 	 19 	 1.758794 	 3.151554 
4 	 20 	 1.758794 	 3.151554 
4 	 21 	 1.758794 	 3.151554 
4 	 22 	 1.758794 	 3.151554 
4 	 23 	 1.758794 	 3.151554 
4 	 24 	 1.758794 	 3.151554 
4 	 25 	 1.758794 	 3.151554 
4 	 26 	 2.202486 	 3.496332 
4 	 27 	 2.202486 	 3.496332 
5 	 6 	 2.716960 	 3.581413 
5 	 7 	 2.716960 	 3.581413 
5 	 8 	 2.716960 	 3.581413 
5 	 9 	 2.716960 	 3.581413 
5 	 10 	 2.716960 	 3.581413 
5 	 11 	 2.716960 	 3.581413 
5 	 12 	 2.716960 	 3.581413 
5 	 13 	 2.716960 	 3.581413 
5 	 14 	 2.716960 	 3.581413 
5 	 15 	 2.716960 	 3.581413 
5 	 16 	 2.716960 	 3.581413 
5 	 17 	 2.716960 	 3.581413 
5 	 18 	 1.758794 	 3.151554 
5 	 19 	 1.758794 	 3.151554 
5 	 20 	 1.758794 	 3.151554 
5 	 21 	 1.758794 	 3.151554 
5 	 22 	 1.758794 	 3.151554 
5 	 23 	 1.758794 	 3.151554 
5 	 24 	 1.758794 	 3.151554 
5 	 25 	 1.758794 	 3.151554 
5 	 26 	 2.202486 	 3.496332 
5 	 27 	 2.202486 	 3.496332 
6 	 7 	 1.757280 	 3.430851 
6 	 8 	 1.757280 	 3.430851 
6 	 9 	 1.757280 	 3.430851 
6 	 10 	 1.757280 	 3.430851 
6 	 11 	 1.757280 	 3.430851 
6 	 12 	 1.757280 	 3.430851 
6 	 13 	 1.757280 	 3.430851 
6 	 14 	 1.757280 	 3.430851 
6 	 15 	 1.757280 	 3.430851 
6 	 16 	 1.757280 	 3.430851 
6 	 17 	 1.757280 	 3.430851 
6 	 18 	 1.137556 	 3.000992 
6 	 19 	 1.137556 	 3.000992 
6 	 20 	 1.137556 	 3.000992 
6 	 21 	 1.137556 	 3.000992 
6 	 22 	 1.137556 	 3.000992 
6 	 23 	 1.137556 	 3.000992 
6 	 24 	 1.137556 	 3.000992 
6 	 25 	 1.137556 	 3.000992 
6 	 26 	 1.424528 	 3.345770 
6 	 27 	 1.424528 	 3.345770 
7 	 8 	 1.757280 	 3.430851 
7 	 9 	 1.757280 	 3.430851 
7 	 10 	 1.757280 	 3.430851 
7 	 11 	 1.757280 	 3.430851 
7 	 12 	 1.757280 	 3.430851 
7 	 13 	 1.757280 	 3.430851 
7 	 14 	 1.757280 	 3.430851 
7 	 15 	 1.757280 	 3.430851 
7 	 16 	 1.757280 	 3.430851 
7 	 17 	 1.757280 	 3.430851 
7 	 18 	 1.137556 	 3.000992 
7 	 19 	 1.137556 	 3.000992 
7 	 20 	 1.137556 	 3.000992 
7 	 21 	 1.137556 	 3.000992 
7 	 22 	 1.137556 	 3.000992 
7 	 23 	 1.137556 	 3.000992 
7 	 24 	 1.137556 	 3.000992 
7 	 25 	 1.137556 	 3.000992 
7 	 26 	 1.424528 	 3.345770 
7 	 27 	 1.424528 	 3.345770 
8 	 9 	 1.757280 	 3.430851 
8 	 10 	 1.757280 	 3.430851 
8 	 11 	 1.757280 	 3.430851 
8 	 12 	 1.757280 	 3.430851 
8 	 13 	 1.757280 	 3.430851 
8 	 14 	 1.757280 	 3.430851 
8 	 15 	 1.757280 	 3.430851 
8 	 16 	 1.757280 	 3.430851 
8 	 17 	 1.757280 	 3.430851 
8 	 18 	 1.137556 	 3.000992 
8 	 19 	 1.137556 	 3.000992 
8 	 20 	 1.137556 	 3.000992 
8 	 21 	 1.137556 	 3.000992 
8 	 22 	 1.137556 	 3.000992 
8 	 23 	 1.137556 	 3.000992 
8 	 24 	 1.137556 	 3.000992 
8 	 25 	 1.137556 	 3.000992 
8 	 26 	 1.424528 	 3.345770 
8 	 27 	 1.424528 	 3.345770 
9 	 10 	 1.757280 	 3.430851 
9 	 11 	 1.757280 	 3.430851 
9 	 12 	 1.757280 	 3.430851 
9 	 13 	 1.757280 	 3.430851 
9 	 14 	 1.757280 	 3.430851 
9 	 15 	 1.757280 	 3.430851 
9 	 16 	 1.757280 	 3.430851 
9 	 17 	 1.757280 	 3.430851 
9 	 18 	 1.137556 	 3.000992 
9 	 19 	 1.137556 	 3.000992 
9 	 20 	 1.137556 	 3.000992 
9 	 21 	 1.137556 	 3.000992 
9 	 22 	 1.137556 	 3.000992 
9 	 23 	 1.137556 	 3.000992 
9 	 24 	 1.137556 	 3.000992 
9 	 25 	 1.137556 	 3.000992 
9 	 26 	 1.424528 	 3.345770 
9 	 27 	 1.424528 	 3.345770 
10 	 11 	 1.757280 	 3.430851 
10 	 12 	 1.757280 	 3.430851 
10 	 13 	 1.757280 	 3.430851 
10 	 14 	 1.757280 	 3.430851 
10 	 15 	 1.757280 	 3.430851 
10 	 16 	 1.757280 	 3.430851 
10 	 17 	 1.757280 	 3.430851 
10 	 18 	 1.137556 	 3.000992 
10 	 19 	 1.137556 	 3.000992 
10 	 20 	 1.137556 	 3.000992 
10 	 21 	 1.137556 	 3.000992 
10 	 22 	 1.137556 	 3.000992 
10 	 23 	 1.137556 	 3.000992 
10 	 24 	 1.137556 	 3.000992 
10 	 25 	 1.137556 	 3.000992 
10 	 26 	 1.424528 	 3.345770 
10 	 27 	 1.424528 	 3.345770 
11 	 12 	 1.757280 	 3.430851 
11 	 13 	 1.757280 	 3.430851 
11 	 14 	 1.757280 	 3.430851 
11 	 15 	 1.757280 	 3.430851 
11 	 16 	 1.757280 	 3.430851 
11 	 17 	 1.757280 	 3.430851 
11 	 18 	 1.137556 	 3.000992 
11 	 19 	 1.137556 	 3.000992 
11 	 20 	 1.137556 	 3.000992 
11 	 21 	 1.137556 	 3.000992 
11 	 22 	 1.137556 	 3.000992 
11 	 23 	 1.137556 	 3.000992 
11 	 24 	 1.137556 	 3.000992 
11 	 25 	 1.137556 	 3.000992 
11 	 26 	 1.424528 	 3.345770 
11 	 27 	 1.424528 	 3.345770 
12 	 13 	 1.757280 	 3.430851 
12 	 14 	 1.757280 	 3.430851 
12 	 15 	 1.757280 	 3.430851 
12 	 16 	 1.757280 	 3.430851 
12 	 17 	 1.757280 	 3.430851 
12 	 18 	 1.137556 	 3.000992 
12 	 19 	 1.137556 	 3.000992 
12 	 20 	 1.137556 	 3.000992 
12 	 21 	 1.137556 	 3.000992 
12 	 22 	 1.137556 	 3.000992 
12 	 23 	 1.137556 	 3.000992 
12 	 24 	 1.137556 	 3.000992 
12 	 25 	 1.137556 	 3.000992 
12 	 26 	 1.424528 	 3.345770 
12 	 27 	 1.424528 	 3.345770 
13 	 14 	 1.757280 	 3.430851 
13 	 15 	 1.757280 	 3.430851 
13 	 16 	 1.757280 	 3.430851 
13 	 17 	 1.757280 	 3.430851 
13 	 18 	 1.137556 	 3.000992 
13 	 19 	 1.137556 	 3.000992 
13 	 20 	 1.137556 	 3.000992 
13 	 21 	 1.137556 	 3.000992 
13 	 22 	 1.137556 	 3.000992 
13 	 23 	 1.137556 	 3.000992 
13 	 24 	 1.137556 	 3.000992 
13 	 25 	 1.137556 	 3.000992 
13 	 26 	 1.424528 	 3.345770 
13 	 27 	 1.424528 	 3.345770 
14 	 15 	 1.757280 	 3.430851 
14 	 16 	 1.757280 	 3.430851 
14 	 17 	 1.757280 	 3.430851 
14 	 18 	 1.137556 	 3.000992 
14 	 19 	 1.137556 	 3.000992 
14 	 20 	 1.137556 	 3.000992 
14 	 21 	 1.137556 	 3.000992 
14 	 22 	 1.137556 	 3.000992 
14 	 23 	 1.137556 	 3.000992 
14 	 24 	 1.137556 	 3.000992 
14 	 25 	 1.137556 	 3.000992 
14 	 26 	 1.424528 	 3.345770 
14 	 27 	 1.424528 	 3.345770 
15 	 16 	 1.757280 	 3.430851 
15 	 17 	 1.757280 	 3.430851 
15 	 18 	 1.137556 	 3.000992 
15 	 19 	 1.137556 	 3.000992 
15 	 20 	 1.137556 	 3.000992 
15 	 21 	 1.137556 	 3.000992 
15 	 22 	 1.137556 	 3.000992 
15 	 23 	 1.137556 	 3.000992 
15 	 24 	 1.137556 	 3.000992 
15 	 25 	 1.137556 	 3.000992 
15 	 26 	 1.424528 	 3.345770 
15 	 27 	 1.424528 	 3.345770 
16 	 17 	 1.757280 	 3.430851 
16 	 18 	 1.137556 	 3.000992 
16 	 19 	 1.137556 	 3.000992 
16 	 20 	 1.137556 	 3.000992 
16 	 21 	 1.137556 	 3.000992 
16 	 22 	 1.137556 	 3.000992 
16 	 23 	 1.137556 	 3.000992 
16 	 24 	 1.137556 	 3.000992 
16 	 25 	 1.137556 	 3.000992 
16 	 26 	 1.424528 	 3.345770 
16 	 27 	 1.424528 	 3.345770 
17 	 18 	 1.137556 	 3.000992 
17 	 19 	 1.137556 	 3.000992 
17 	 20 	 1.137556 	 3.000992 
17 	 21 	 1.137556 	 3.000992 
17 	 22 	 1.137556 	 3.000992 
17 	 23 	 1.137556 	 3.000992 
17 	 24 	 1.137556 	 3.000992 
17 	 25 	 1.137556 	 3.000992 
17 	 26 	 1.424528 	 3.345770 
17 	 27 	 1.424528 	 3.345770 
18 	 19 	 0.736384 	 2.571134 
18 	 20 	 0.736384 	 2.571134 
18 	 21 	 0.736384 	 2.571134 
18 	 22 	 0.736384 	 2.571134 
18 	 23 	 0.736384 	 2.571134 
18 	 24 	 0.736384 	 2.571134 
18 	 25 	 0.736384 	 2.571134 
18 	 26 	 0.922152 	 2.915912 
18 	 27 	 0.922152 	 2.915912 
19 	 20 	 0.736384 	 2.571134 
19 	 21 	 0.736384 	 2.571134 
19 	 22 	 0.736384 	 2.571134 
19 	 23 	 0.736384 	 2.571134 
19 	 24 	 0.736384 	 2.571134 
19 	 25 	 0.736384 	 2.571134 
19 	 26 	 0.922152 	 2.915912 
19 	 27 	 0.922152 	 2.915912 
20 	 21 	 0.736384 	 2.571134 
20 	 22 	 0.736384 	 2.571134 
20 	 23 	 0.736384 	 2.571134 
20 	 24 	 0.736384 	 2.571134 
20 	 25 	 0.736384 	 2.571134 
20 	 26 	 0.922152 	 2.915912 
20 	 27 	 0.922152 	 2.915912 
21 	 22 	 0.736384 	 2.571134 
21 	 23 	 0.736384 	 2.571134 
21 	 24 	 0.736384 	 2.571134 
21 	 25 	 0.736384 	 2.571134 
21 	 26 	 0.922152 	 2.915912 
21 	 27 	 0.922152 	 2.915912 
22 	 23 	 0.736384 	 2.571134 
22 	 24 	 0.736384 	 2.571134 
22 	 25 	 0.736384 	 2.571134 
22 	 26 	 0.922152 	 2.915912 
22 	 27 	 0.922152 	 2.915912 
23 	 24 	 0.736384 	 2.571134 
23 	 25 	 0.736384 	 2.571134 
23 	 26 	 0.922152 	 2.915912 
23 	 27 	 0.922152 	 2.915912 
24 	 25 	 0.736384 	 2.571134 
24 	 26 	 0.922152 	 2.915912 
24 	 27 	 0.922152 	 2.915912 
25 	 26 	 0.922152 	 2.915912 
25 	 27 	 0.922152 	 2.915912 
26 	 27 	 1.154784 	 3.260689 
end
