#MD input file for simulation of Os3CO11_equ in Cyclohexane
#Structure
Cyclohexane 512
#Pair_number	X	Y	Z	Mass(a.u)	Charge(C)	Atom_name
1	0.000000	0.000000	0.000000	12.010000	-0.120000	C_99
1	0.000000	0.000000	1.526000
1	1.438471	0.000000	2.035389
1	2.158728	1.245752	1.527446
1	2.160261	1.246637	0.001447
1	0.719235	1.245752	-0.509389
2	0.719235	1.245752	-1.599389	1.007870	0.060000	H_99
2	0.205861	2.136207	-0.146572
2	2.674002	0.356815	-0.362403
2	2.674731	2.136460	-0.361370
2	1.645354	2.136207	1.890263
2	3.186207	1.245752	1.891295
2	1.952940	-0.889823	1.672572
2	1.438471	-0.000000	3.125389
2	-0.513740	0.889823	1.889849
2	-0.513740	-0.889823	1.889849
2	0.513740	-0.889823	-0.363849
2	-1.027479	-0.000000	-0.363849
Os3CO11_equ 1
25	1.544700	0.801900	0.000000	190.200000	-0.686800	Os_1
26	-1.263700	0.887600	0.000000	190.200000	-1.236630	Os_2
27	0.081700	-1.716600	0.000000	190.200000	-1.422190	Os_3
3	1.686900	0.807300	1.932100	12.010000	0.660660	C_1
6	1.686900	0.807300	-1.932100	12.010000	0.660660	C_2
7	1.906800	2.626000	0.000000	12.010000	0.669810	C_3
8	-1.252400	0.843400	1.952300	12.010000	0.767850	C_4
9	-1.252400	0.843400	-1.952300	12.010000	0.767850	C_5
10	-1.579900	2.770400	0.000000	12.010000	0.785810	C_6
11	-3.079900	0.328200	0.000000	12.010000	0.786610	C_7
12	0.153000	-1.664700	1.941700	12.010000	0.740760	C_8
13	0.153000	-1.664700	-1.941700	12.010000	0.740760	C_9
4	-1.452400	-2.861800	0.000000	12.010000	0.767690	C_10
5	1.518300	-2.960400	0.000000	12.010000	0.772120	C_11
14	1.894600	0.863600	3.051500	16.000000	-0.423910	O_1
17	1.894600	0.863600	-3.051500	16.000000	-0.423910	O_2
18	2.064500	3.764000	0.000000	16.000000	-0.461460	O_3
19	-1.324900	0.879300	3.084300	16.000000	-0.422750	O_4
20	-1.324900	0.879300	-3.084300	16.000000	-0.422750	O_5
21	-1.783800	3.889800	0.000000	16.000000	-0.413510	O_6
22	-4.166200	-0.015100	0.000000	16.000000	-0.421680	O_7
23	0.205900	-1.735000	3.078000	16.000000	-0.454880	O_8
24	0.205900	-1.735000	-3.078000	16.000000	-0.454880	O_9
15	-2.342600	-3.575200	0.000000	16.000000	-0.436110	O_10
16	2.364600	-3.727300	0.000000	16.000000	-0.439140	O_11
end
Lennard-Jones
1 	 1 	 1.196000 	 3.280000 
2 	 2 	 0.756000 	 2.580000 
3 	 3 	 1.757280 	 3.430851 
4 	 4 	 1.757280 	 3.430851 
5 	 5 	 1.757280 	 3.430851 
6 	 6 	 1.757280 	 3.430851 
7 	 7 	 1.757280 	 3.430851 
8 	 8 	 1.757280 	 3.430851 
9 	 9 	 1.757280 	 3.430851 
10 	 10 	 1.757280 	 3.430851 
11 	 11 	 1.757280 	 3.430851 
12 	 12 	 1.757280 	 3.430851 
13 	 13 	 1.757280 	 3.430851 
14 	 14 	 1.004160 	 3.118146 
15 	 15 	 1.004160 	 3.118146 
16 	 16 	 1.004160 	 3.118146 
17 	 17 	 1.004160 	 3.118146 
18 	 18 	 1.004160 	 3.118146 
19 	 19 	 1.004160 	 3.118146 
20 	 20 	 1.004160 	 3.118146 
21 	 21 	 1.004160 	 3.118146 
22 	 22 	 1.004160 	 3.118146 
23 	 23 	 1.004160 	 3.118146 
24 	 24 	 1.004160 	 3.118146 
25 	 25 	 0.619232 	 2.779604 
26 	 26 	 0.619232 	 2.779604 
27 	 27 	 0.619232 	 2.779604 
1 	 2 	 0.950882 	 2.930000 
1 	 3 	 1.449726 	 3.355425 
1 	 4 	 1.449726 	 3.355425 
1 	 5 	 1.449726 	 3.355425 
1 	 6 	 1.449726 	 3.355425 
1 	 7 	 1.449726 	 3.355425 
1 	 8 	 1.449726 	 3.355425 
1 	 9 	 1.449726 	 3.355425 
1 	 10 	 1.449726 	 3.355425 
1 	 11 	 1.449726 	 3.355425 
1 	 12 	 1.449726 	 3.355425 
1 	 13 	 1.449726 	 3.355425 
1 	 14 	 1.095890 	 3.199073 
1 	 15 	 1.095890 	 3.199073 
1 	 16 	 1.095890 	 3.199073 
1 	 17 	 1.095890 	 3.199073 
1 	 18 	 1.095890 	 3.199073 
1 	 19 	 1.095890 	 3.199073 
1 	 20 	 1.095890 	 3.199073 
1 	 21 	 1.095890 	 3.199073 
1 	 22 	 1.095890 	 3.199073 
1 	 23 	 1.095890 	 3.199073 
1 	 24 	 1.095890 	 3.199073 
1 	 25 	 0.860582 	 3.029802 
1 	 26 	 0.860582 	 3.029802 
1 	 27 	 0.860582 	 3.029802 
2 	 3 	 1.152607 	 3.005425 
2 	 4 	 1.152607 	 3.005425 
2 	 5 	 1.152607 	 3.005425 
2 	 6 	 1.152607 	 3.005425 
2 	 7 	 1.152607 	 3.005425 
2 	 8 	 1.152607 	 3.005425 
2 	 9 	 1.152607 	 3.005425 
2 	 10 	 1.152607 	 3.005425 
2 	 11 	 1.152607 	 3.005425 
2 	 12 	 1.152607 	 3.005425 
2 	 13 	 1.152607 	 3.005425 
2 	 14 	 0.871289 	 2.849073 
2 	 15 	 0.871289 	 2.849073 
2 	 16 	 0.871289 	 2.849073 
2 	 17 	 0.871289 	 2.849073 
2 	 18 	 0.871289 	 2.849073 
2 	 19 	 0.871289 	 2.849073 
2 	 20 	 0.871289 	 2.849073 
2 	 21 	 0.871289 	 2.849073 
2 	 22 	 0.871289 	 2.849073 
2 	 23 	 0.871289 	 2.849073 
2 	 24 	 0.871289 	 2.849073 
2 	 25 	 0.684207 	 2.679802 
2 	 26 	 0.684207 	 2.679802 
2 	 27 	 0.684207 	 2.679802 
3 	 4 	 1.757280 	 3.430851 
3 	 5 	 1.757280 	 3.430851 
3 	 6 	 1.757280 	 3.430851 
3 	 7 	 1.757280 	 3.430851 
3 	 8 	 1.757280 	 3.430851 
3 	 9 	 1.757280 	 3.430851 
3 	 10 	 1.757280 	 3.430851 
3 	 11 	 1.757280 	 3.430851 
3 	 12 	 1.757280 	 3.430851 
3 	 13 	 1.757280 	 3.430851 
3 	 14 	 1.328379 	 3.274498 
3 	 15 	 1.328379 	 3.274498 
3 	 16 	 1.328379 	 3.274498 
3 	 17 	 1.328379 	 3.274498 
3 	 18 	 1.328379 	 3.274498 
3 	 19 	 1.328379 	 3.274498 
3 	 20 	 1.328379 	 3.274498 
3 	 21 	 1.328379 	 3.274498 
3 	 22 	 1.328379 	 3.274498 
3 	 23 	 1.328379 	 3.274498 
3 	 24 	 1.328379 	 3.274498 
3 	 25 	 1.043151 	 3.105227 
3 	 26 	 1.043151 	 3.105227 
3 	 27 	 1.043151 	 3.105227 
4 	 5 	 1.757280 	 3.430851 
4 	 6 	 1.757280 	 3.430851 
4 	 7 	 1.757280 	 3.430851 
4 	 8 	 1.757280 	 3.430851 
4 	 9 	 1.757280 	 3.430851 
4 	 10 	 1.757280 	 3.430851 
4 	 11 	 1.757280 	 3.430851 
4 	 12 	 1.757280 	 3.430851 
4 	 13 	 1.757280 	 3.430851 
4 	 14 	 1.328379 	 3.274498 
4 	 15 	 1.328379 	 3.274498 
4 	 16 	 1.328379 	 3.274498 
4 	 17 	 1.328379 	 3.274498 
4 	 18 	 1.328379 	 3.274498 
4 	 19 	 1.328379 	 3.274498 
4 	 20 	 1.328379 	 3.274498 
4 	 21 	 1.328379 	 3.274498 
4 	 22 	 1.328379 	 3.274498 
4 	 23 	 1.328379 	 3.274498 
4 	 24 	 1.328379 	 3.274498 
4 	 25 	 1.043151 	 3.105227 
4 	 26 	 1.043151 	 3.105227 
4 	 27 	 1.043151 	 3.105227 
5 	 6 	 1.757280 	 3.430851 
5 	 7 	 1.757280 	 3.430851 
5 	 8 	 1.757280 	 3.430851 
5 	 9 	 1.757280 	 3.430851 
5 	 10 	 1.757280 	 3.430851 
5 	 11 	 1.757280 	 3.430851 
5 	 12 	 1.757280 	 3.430851 
5 	 13 	 1.757280 	 3.430851 
5 	 14 	 1.328379 	 3.274498 
5 	 15 	 1.328379 	 3.274498 
5 	 16 	 1.328379 	 3.274498 
5 	 17 	 1.328379 	 3.274498 
5 	 18 	 1.328379 	 3.274498 
5 	 19 	 1.328379 	 3.274498 
5 	 20 	 1.328379 	 3.274498 
5 	 21 	 1.328379 	 3.274498 
5 	 22 	 1.328379 	 3.274498 
5 	 23 	 1.328379 	 3.274498 
5 	 24 	 1.328379 	 3.274498 
5 	 25 	 1.043151 	 3.105227 
5 	 26 	 1.043151 	 3.105227 
5 	 27 	 1.043151 	 3.105227 
6 	 7 	 1.757280 	 3.430851 
6 	 8 	 1.757280 	 3.430851 
6 	 9 	 1.757280 	 3.430851 
6 	 10 	 1.757280 	 3.430851 
6 	 11 	 1.757280 	 3.430851 
6 	 12 	 1.757280 	 3.430851 
6 	 13 	 1.757280 	 3.430851 
6 	 14 	 1.328379 	 3.274498 
6 	 15 	 1.328379 	 3.274498 
6 	 16 	 1.328379 	 3.274498 
6 	 17 	 1.328379 	 3.274498 
6 	 18 	 1.328379 	 3.274498 
6 	 19 	 1.328379 	 3.274498 
6 	 20 	 1.328379 	 3.274498 
6 	 21 	 1.328379 	 3.274498 
6 	 22 	 1.328379 	 3.274498 
6 	 23 	 1.328379 	 3.274498 
6 	 24 	 1.328379 	 3.274498 
6 	 25 	 1.043151 	 3.105227 
6 	 26 	 1.043151 	 3.105227 
6 	 27 	 1.043151 	 3.105227 
7 	 8 	 1.757280 	 3.430851 
7 	 9 	 1.757280 	 3.430851 
7 	 10 	 1.757280 	 3.430851 
7 	 11 	 1.757280 	 3.430851 
7 	 12 	 1.757280 	 3.430851 
7 	 13 	 1.757280 	 3.430851 
7 	 14 	 1.328379 	 3.274498 
7 	 15 	 1.328379 	 3.274498 
7 	 16 	 1.328379 	 3.274498 
7 	 17 	 1.328379 	 3.274498 
7 	 18 	 1.328379 	 3.274498 
7 	 19 	 1.328379 	 3.274498 
7 	 20 	 1.328379 	 3.274498 
7 	 21 	 1.328379 	 3.274498 
7 	 22 	 1.328379 	 3.274498 
7 	 23 	 1.328379 	 3.274498 
7 	 24 	 1.328379 	 3.274498 
7 	 25 	 1.043151 	 3.105227 
7 	 26 	 1.043151 	 3.105227 
7 	 27 	 1.043151 	 3.105227 
8 	 9 	 1.757280 	 3.430851 
8 	 10 	 1.757280 	 3.430851 
8 	 11 	 1.757280 	 3.430851 
8 	 12 	 1.757280 	 3.430851 
8 	 13 	 1.757280 	 3.430851 
8 	 14 	 1.328379 	 3.274498 
8 	 15 	 1.328379 	 3.274498 
8 	 16 	 1.328379 	 3.274498 
8 	 17 	 1.328379 	 3.274498 
8 	 18 	 1.328379 	 3.274498 
8 	 19 	 1.328379 	 3.274498 
8 	 20 	 1.328379 	 3.274498 
8 	 21 	 1.328379 	 3.274498 
8 	 22 	 1.328379 	 3.274498 
8 	 23 	 1.328379 	 3.274498 
8 	 24 	 1.328379 	 3.274498 
8 	 25 	 1.043151 	 3.105227 
8 	 26 	 1.043151 	 3.105227 
8 	 27 	 1.043151 	 3.105227 
9 	 10 	 1.757280 	 3.430851 
9 	 11 	 1.757280 	 3.430851 
9 	 12 	 1.757280 	 3.430851 
9 	 13 	 1.757280 	 3.430851 
9 	 14 	 1.328379 	 3.274498 
9 	 15 	 1.328379 	 3.274498 
9 	 16 	 1.328379 	 3.274498 
9 	 17 	 1.328379 	 3.274498 
9 	 18 	 1.328379 	 3.274498 
9 	 19 	 1.328379 	 3.274498 
9 	 20 	 1.328379 	 3.274498 
9 	 21 	 1.328379 	 3.274498 
9 	 22 	 1.328379 	 3.274498 
9 	 23 	 1.328379 	 3.274498 
9 	 24 	 1.328379 	 3.274498 
9 	 25 	 1.043151 	 3.105227 
9 	 26 	 1.043151 	 3.105227 
9 	 27 	 1.043151 	 3.105227 
10 	 11 	 1.757280 	 3.430851 
10 	 12 	 1.757280 	 3.430851 
10 	 13 	 1.757280 	 3.430851 
10 	 14 	 1.328379 	 3.274498 
10 	 15 	 1.328379 	 3.274498 
10 	 16 	 1.328379 	 3.274498 
10 	 17 	 1.328379 	 3.274498 
10 	 18 	 1.328379 	 3.274498 
10 	 19 	 1.328379 	 3.274498 
10 	 20 	 1.328379 	 3.274498 
10 	 21 	 1.328379 	 3.274498 
10 	 22 	 1.328379 	 3.274498 
10 	 23 	 1.328379 	 3.274498 
10 	 24 	 1.328379 	 3.274498 
10 	 25 	 1.043151 	 3.105227 
10 	 26 	 1.043151 	 3.105227 
10 	 27 	 1.043151 	 3.105227 
11 	 12 	 1.757280 	 3.430851 
11 	 13 	 1.757280 	 3.430851 
11 	 14 	 1.328379 	 3.274498 
11 	 15 	 1.328379 	 3.274498 
11 	 16 	 1.328379 	 3.274498 
11 	 17 	 1.328379 	 3.274498 
11 	 18 	 1.328379 	 3.274498 
11 	 19 	 1.328379 	 3.274498 
11 	 20 	 1.328379 	 3.274498 
11 	 21 	 1.328379 	 3.274498 
11 	 22 	 1.328379 	 3.274498 
11 	 23 	 1.328379 	 3.274498 
11 	 24 	 1.328379 	 3.274498 
11 	 25 	 1.043151 	 3.105227 
11 	 26 	 1.043151 	 3.105227 
11 	 27 	 1.043151 	 3.105227 
12 	 13 	 1.757280 	 3.430851 
12 	 14 	 1.328379 	 3.274498 
12 	 15 	 1.328379 	 3.274498 
12 	 16 	 1.328379 	 3.274498 
12 	 17 	 1.328379 	 3.274498 
12 	 18 	 1.328379 	 3.274498 
12 	 19 	 1.328379 	 3.274498 
12 	 20 	 1.328379 	 3.274498 
12 	 21 	 1.328379 	 3.274498 
12 	 22 	 1.328379 	 3.274498 
12 	 23 	 1.328379 	 3.274498 
12 	 24 	 1.328379 	 3.274498 
12 	 25 	 1.043151 	 3.105227 
12 	 26 	 1.043151 	 3.105227 
12 	 27 	 1.043151 	 3.105227 
13 	 14 	 1.328379 	 3.274498 
13 	 15 	 1.328379 	 3.274498 
13 	 16 	 1.328379 	 3.274498 
13 	 17 	 1.328379 	 3.274498 
13 	 18 	 1.328379 	 3.274498 
13 	 19 	 1.328379 	 3.274498 
13 	 20 	 1.328379 	 3.274498 
13 	 21 	 1.328379 	 3.274498 
13 	 22 	 1.328379 	 3.274498 
13 	 23 	 1.328379 	 3.274498 
13 	 24 	 1.328379 	 3.274498 
13 	 25 	 1.043151 	 3.105227 
13 	 26 	 1.043151 	 3.105227 
13 	 27 	 1.043151 	 3.105227 
14 	 15 	 1.004160 	 3.118146 
14 	 16 	 1.004160 	 3.118146 
14 	 17 	 1.004160 	 3.118146 
14 	 18 	 1.004160 	 3.118146 
14 	 19 	 1.004160 	 3.118146 
14 	 20 	 1.004160 	 3.118146 
14 	 21 	 1.004160 	 3.118146 
14 	 22 	 1.004160 	 3.118146 
14 	 23 	 1.004160 	 3.118146 
14 	 24 	 1.004160 	 3.118146 
14 	 25 	 0.788548 	 2.948875 
14 	 26 	 0.788548 	 2.948875 
14 	 27 	 0.788548 	 2.948875 
15 	 16 	 1.004160 	 3.118146 
15 	 17 	 1.004160 	 3.118146 
15 	 18 	 1.004160 	 3.118146 
15 	 19 	 1.004160 	 3.118146 
15 	 20 	 1.004160 	 3.118146 
15 	 21 	 1.004160 	 3.118146 
15 	 22 	 1.004160 	 3.118146 
15 	 23 	 1.004160 	 3.118146 
15 	 24 	 1.004160 	 3.118146 
15 	 25 	 0.788548 	 2.948875 
15 	 26 	 0.788548 	 2.948875 
15 	 27 	 0.788548 	 2.948875 
16 	 17 	 1.004160 	 3.118146 
16 	 18 	 1.004160 	 3.118146 
16 	 19 	 1.004160 	 3.118146 
16 	 20 	 1.004160 	 3.118146 
16 	 21 	 1.004160 	 3.118146 
16 	 22 	 1.004160 	 3.118146 
16 	 23 	 1.004160 	 3.118146 
16 	 24 	 1.004160 	 3.118146 
16 	 25 	 0.788548 	 2.948875 
16 	 26 	 0.788548 	 2.948875 
16 	 27 	 0.788548 	 2.948875 
17 	 18 	 1.004160 	 3.118146 
17 	 19 	 1.004160 	 3.118146 
17 	 20 	 1.004160 	 3.118146 
17 	 21 	 1.004160 	 3.118146 
17 	 22 	 1.004160 	 3.118146 
17 	 23 	 1.004160 	 3.118146 
17 	 24 	 1.004160 	 3.118146 
17 	 25 	 0.788548 	 2.948875 
17 	 26 	 0.788548 	 2.948875 
17 	 27 	 0.788548 	 2.948875 
18 	 19 	 1.004160 	 3.118146 
18 	 20 	 1.004160 	 3.118146 
18 	 21 	 1.004160 	 3.118146 
18 	 22 	 1.004160 	 3.118146 
18 	 23 	 1.004160 	 3.118146 
18 	 24 	 1.004160 	 3.118146 
18 	 25 	 0.788548 	 2.948875 
18 	 26 	 0.788548 	 2.948875 
18 	 27 	 0.788548 	 2.948875 
19 	 20 	 1.004160 	 3.118146 
19 	 21 	 1.004160 	 3.118146 
19 	 22 	 1.004160 	 3.118146 
19 	 23 	 1.004160 	 3.118146 
19 	 24 	 1.004160 	 3.118146 
19 	 25 	 0.788548 	 2.948875 
19 	 26 	 0.788548 	 2.948875 
19 	 27 	 0.788548 	 2.948875 
20 	 21 	 1.004160 	 3.118146 
20 	 22 	 1.004160 	 3.118146 
20 	 23 	 1.004160 	 3.118146 
20 	 24 	 1.004160 	 3.118146 
20 	 25 	 0.788548 	 2.948875 
20 	 26 	 0.788548 	 2.948875 
20 	 27 	 0.788548 	 2.948875 
21 	 22 	 1.004160 	 3.118146 
21 	 23 	 1.004160 	 3.118146 
21 	 24 	 1.004160 	 3.118146 
21 	 25 	 0.788548 	 2.948875 
21 	 26 	 0.788548 	 2.948875 
21 	 27 	 0.788548 	 2.948875 
22 	 23 	 1.004160 	 3.118146 
22 	 24 	 1.004160 	 3.118146 
22 	 25 	 0.788548 	 2.948875 
22 	 26 	 0.788548 	 2.948875 
22 	 27 	 0.788548 	 2.948875 
23 	 24 	 1.004160 	 3.118146 
23 	 25 	 0.788548 	 2.948875 
23 	 26 	 0.788548 	 2.948875 
23 	 27 	 0.788548 	 2.948875 
24 	 25 	 0.788548 	 2.948875 
24 	 26 	 0.788548 	 2.948875 
24 	 27 	 0.788548 	 2.948875 
25 	 26 	 0.619232 	 2.779604 
25 	 27 	 0.619232 	 2.779604 
26 	 27 	 0.619232 	 2.779604 
end
