q      	cage        
0.005 	-10631.4    
0.015 	-10740.7    
0.025 	-10956.9    
0.035 	-11275.7    
0.045 	-11690.4    
0.055 	-12192.4    
0.065 	-12771.5    
0.075 	-13415.9    
0.085 	-14112.5    
0.095 	-14847.3    
0.105 	-15605.7    
0.115 	-16372.8    
0.125 	-17133.6    
0.135 	-17873.6    
0.145 	-18578.9    
0.155 	-19236.6    
0.165 	-19834.8    
0.175 	-20363.3    
0.185 	-20813.4    
0.195 	-21178.1    
0.205 	-21452.3    
0.215 	-21632.6    
0.225 	-21717.9    
0.235 	-21708.4    
0.245 	-21606.6    
0.255 	-21416.3    
0.265 	-21142.9    
0.275 	-20793      
0.285 	-20374.4    
0.295 	-19895.6    
0.305 	-19365.9    
0.315 	-18794.8    
0.325 	-18192      
0.335 	-17567.3    
0.345 	-16929.8    
0.355 	-16288.6    
0.365 	-15651.7    
0.375 	-15026.7    
0.385 	-14419.9    
0.395 	-13837.1    
0.405 	-13282.5    
0.415 	-12759.8    
0.425 	-12271.4    
0.435 	-11818.7    
0.445 	-11402.1    
0.455 	-11021.3    
0.465 	-10675.3    
0.475 	-10362.2    
0.485 	-10079.8    
0.495 	-9825.37    
0.505 	-9595.97    
0.515 	-9388.46    
0.525 	-9199.63    
0.535 	-9026.36    
0.545 	-8865.62    
0.555 	-8714.62    
0.565 	-8570.8     
0.575 	-8431.95    
0.585 	-8296.16    
0.595 	-8161.88    
0.605 	-8027.92    
0.615 	-7893.39    
0.625 	-7757.74    
0.635 	-7620.69    
0.645 	-7482.2     
0.655 	-7342.41    
0.665 	-7201.65    
0.675 	-7060.34    
0.685 	-6918.96    
0.695 	-6778.07    
0.705 	-6638.2     
0.715 	-6499.86    
0.725 	-6363.54    
0.735 	-6229.65    
0.745 	-6098.55    
0.755 	-5970.56    
0.765 	-5845.89    
0.775 	-5724.74    
0.785 	-5607.24    
0.795 	-5493.5     
0.805 	-5383.61    
0.815 	-5277.61    
0.825 	-5175.58    
0.835 	-5077.57    
0.845 	-4983.64    
0.855 	-4893.82    
0.865 	-4808.15    
0.875 	-4726.65    
0.885 	-4649.29    
0.895 	-4575.97    
0.905 	-4506.54    
0.915 	-4440.74    
0.925 	-4378.18    
0.935 	-4318.37    
0.945 	-4260.65    
0.955 	-4204.18    
0.965 	-4148       
0.975 	-4090.95    
0.985 	-4031.72    
0.995 	-3968.88    
1.005 	-3900.86    
1.015 	-3826       
1.025 	-3742.61    
1.035 	-3648.98    
1.045 	-3543.45    
1.055 	-3424.43    
1.065 	-3290.52    
1.075 	-3140.48    
1.085 	-2973.36    
1.095 	-2788.48    
1.105 	-2585.52    
1.115 	-2364.56    
1.125 	-2126.06    
1.135 	-1870.94    
1.145 	-1600.52    
1.155 	-1316.57    
1.165 	-1021.26    
1.175 	-717.159    
1.185 	-407.148    
1.195 	-94.4084    
1.205 	217.661     
1.215 	525.508     
1.225 	825.507     
1.235 	1114.04     
1.245 	1387.57     
1.255 	1642.75     
1.265 	1876.47     
1.275 	2085.95     
1.285 	2268.81     
1.295 	2423.12     
1.305 	2547.45     
1.315 	2640.91     
1.325 	2703.16     
1.335 	2734.42     
1.345 	2735.48     
1.355 	2707.63     
1.365 	2652.71     
1.375 	2572.98     
1.385 	2471.08     
1.395 	2350.01     
1.405 	2212.99     
1.415 	2063.43     
1.425 	1904.82     
1.435 	1740.64     
1.445 	1574.31     
1.455 	1409.08     
1.465 	1247.99     
1.475 	1093.75     
1.485 	948.78      
1.495 	815.068     
1.505 	694.207     
1.515 	587.351     
1.525 	495.214     
1.535 	418.076     
1.545 	355.805     
1.555 	307.882     
1.565 	273.445     
1.575 	251.334     
1.585 	240.142     
1.595 	238.278     
1.605 	244.024     
1.615 	255.594     
1.625 	271.199     
1.635 	289.099     
1.645 	307.656     
1.655 	325.38      
1.665 	340.965     
1.675 	353.321     
1.685 	361.597     
1.695 	365.186     
1.705 	363.734     
1.715 	357.135     
1.725 	345.513     
1.735 	329.203     
1.745 	308.724     
1.755 	284.75      
1.765 	258.067     
1.775 	229.544     
1.785 	200.089     
1.795 	170.611     
1.805 	141.988     
1.815 	115.033     
1.825 	90.461      
1.835 	68.8719     
1.845 	50.7282     
1.855 	36.3445     
1.865 	25.8815     
1.875 	19.3459     
1.885 	16.5969     
1.895 	17.3573     
1.905 	21.2298     
1.915 	27.7166     
1.925 	36.243      
1.935 	46.1816     
1.945 	56.8791     
1.955 	67.6817     
1.965 	77.9602     
1.975 	87.1333     
1.985 	94.6878     
1.995 	100.196     
2.005 	103.328     
2.015 	103.862     
2.025 	101.689     
2.035 	96.8096     
2.045 	89.3358     
2.055 	79.4776     
2.065 	67.5341     
2.075 	53.8782     
2.085 	38.9399     
2.095 	23.1877     
2.105 	7.10932     
2.115 	-8.8077     
2.125 	-24.095     
2.135 	-38.3205    
2.145 	-51.1045    
2.155 	-62.132     
2.165 	-71.1637    
2.175 	-78.0422    
2.185 	-82.6962    
2.195 	-85.1408    
2.205 	-85.4741    
2.215 	-83.8713    
2.225 	-80.5762    
2.235 	-75.8896    
2.245 	-70.1565    
2.255 	-63.7517    
2.265 	-57.0647    
2.275 	-50.485     
2.285 	-44.3864    
2.295 	-39.1142    
2.305 	-34.9722    
2.315 	-32.2125    
2.325 	-31.0274    
2.335 	-31.5433    
2.345 	-33.8177    
2.355 	-37.8386    
2.365 	-43.5269    
2.375 	-50.7403    
2.385 	-59.2805    
2.395 	-68.9017    
2.405 	-79.3205    
2.415 	-90.2275    
2.425 	-101.299    
2.435 	-112.208    
2.445 	-122.638    
2.455 	-132.294    
2.465 	-140.909    
2.475 	-148.257    
2.485 	-154.159    
2.495 	-158.485    
2.505 	-161.16     
2.515 	-162.164    
2.525 	-161.531    
2.535 	-159.347    
2.545 	-155.742    
2.555 	-150.887    
2.565 	-144.983    
2.575 	-138.258    
2.585 	-130.952    
2.595 	-123.31     
2.605 	-115.573    
2.615 	-107.971    
2.625 	-100.712    
2.635 	-93.9763    
2.645 	-87.9114    
2.655 	-82.6276    
2.665 	-78.1957    
2.675 	-74.6455    
2.685 	-71.9666    
2.695 	-70.1108    
2.705 	-68.9953    
2.715 	-68.5075    
2.725 	-68.5106    
2.735 	-68.8503    
2.745 	-69.3613    
2.755 	-69.8744    
2.765 	-70.224     
2.775 	-70.2539    
2.785 	-69.8241    
2.795 	-68.8156    
2.805 	-67.1348    
2.815 	-64.7163    
2.825 	-61.5256    
2.835 	-57.559     
2.845 	-52.8434    
2.855 	-47.4349    
2.865 	-41.4156    
2.875 	-34.8899    
2.885 	-27.9808    
2.895 	-20.8238    
2.905 	-13.5624    
2.915 	-6.34242    
2.925 	0.693674    
2.935 	7.41166     
2.945 	13.6903     
2.955 	19.4253     
2.965 	24.5327     
2.975 	28.9512     
2.985 	32.6433     
2.995 	35.5963     
3.005 	37.8216     
3.015 	39.3532     
3.025 	40.2456     
3.035 	40.5711     
3.045 	40.4158     
3.055 	39.8765     
3.065 	39.0555     
3.075 	38.0574     
3.085 	36.9843     
3.095 	35.9318     
3.105 	34.9862     
3.115 	34.2205     
3.125 	33.6927     
3.135 	33.444      
3.145 	33.4974     
3.155 	33.8581     
3.165 	34.5135     
3.175 	35.4349     
3.185 	36.5789     
3.195 	37.8901     
3.205 	39.3038     
3.215 	40.7491     
3.225 	42.1523     
3.235 	43.44       
3.245 	44.5425     
3.255 	45.3967     
3.265 	45.9487     
3.275 	46.156      
3.285 	45.9892     
3.295 	45.4331     
3.305 	44.4873     
3.315 	43.1657     
3.325 	41.4962     
3.335 	39.5194     
3.345 	37.2865     
3.355 	34.8578     
3.365 	32.2994     
3.375 	29.6813     
3.385 	27.0742     
3.395 	24.547      
3.405 	22.164      
3.415 	19.9826     
3.425 	18.0512     
3.435 	16.4076     
3.445 	15.0777     
3.455 	14.0748     
3.465 	13.3993     
3.475 	13.0392     
3.485 	12.9708     
3.495 	13.1597     
3.505 	13.5627     
3.515 	14.1297     
3.525 	14.8056     
3.535 	15.533      
3.545 	16.2543     
3.555 	16.9142     
3.565 	17.4616     
3.575 	17.852      
3.585 	18.0486     
3.595 	18.0243     
3.605 	17.7619     
3.615 	17.2553     
3.625 	16.5087     
3.635 	15.5372     
3.645 	14.3653     
3.655 	13.0257     
3.665 	11.5584     
3.675 	10.0085     
3.685 	8.42418     
3.695 	6.85511     
3.705 	5.35004     
3.715 	3.95497     
3.725 	2.71126     
3.735 	1.65398     
3.745 	0.810593    
3.755 	0.19986     
3.765 	-0.168836   
3.775 	-0.295801   
3.785 	-0.190961   
3.795 	0.126588    
3.805 	0.629378    
3.815 	1.28269     
3.825 	2.04596     
3.835 	2.87433     
3.845 	3.72044     
3.855 	4.53625     
3.865 	5.27482     
3.875 	5.89213     
3.885 	6.34866     
3.895 	6.61086     
3.905 	6.65233     
3.915 	6.45473     
3.925 	6.00834     
3.935 	5.31236     
3.945 	4.3748      
3.955 	3.21205     
3.965 	1.84821     
3.975 	0.314027    
3.985 	-1.35426    
3.995 	-3.1164     
4.005 	-4.92961    
4.015 	-6.75019    
4.025 	-8.53513    
4.035 	-10.2436    
4.045 	-11.8385    
4.055 	-13.2875    
4.065 	-14.5644    
4.075 	-15.6493    
4.085 	-16.5301    
4.095 	-17.2017    
4.105 	-17.6667    
4.115 	-17.9345    
4.125 	-18.0213    
4.135 	-17.9485    
4.145 	-17.7424    
4.155 	-17.4327    
4.165 	-17.051     
4.175 	-16.6299    
4.185 	-16.2015    
4.195 	-15.7959    
4.205 	-15.4403    
4.215 	-15.158     
4.225 	-14.9673    
4.235 	-14.8813    
4.245 	-14.907     
4.255 	-15.0456    
4.265 	-15.2923    
4.275 	-15.6368    
4.285 	-16.0638    
4.295 	-16.5538    
4.305 	-17.0839    
4.315 	-17.6289    
4.325 	-18.1622    
4.335 	-18.6574    
4.345 	-19.0889    
4.355 	-19.433     
4.365 	-19.6692    
4.375 	-19.7808    
4.385 	-19.7553    
4.395 	-19.5855    
4.405 	-19.2689    
4.415 	-18.8086    
4.425 	-18.2122    
4.435 	-17.4924    
4.445 	-16.6657    
4.455 	-15.7521    
4.465 	-14.7741    
4.475 	-13.7556    
4.485 	-12.7215    
4.495 	-11.6961    
4.505 	-10.7022    
4.515 	-9.76078    
4.525 	-8.8894     
4.535 	-8.10212    
4.545 	-7.40876    
4.555 	-6.8146     
4.565 	-6.32023    
4.575 	-5.92161    
4.585 	-5.61029    
4.595 	-5.37381    
4.605 	-5.19628    
4.615 	-5.05906    
4.625 	-4.94158    
4.635 	-4.82218    
4.645 	-4.67907    
4.655 	-4.49118    
4.665 	-4.23908    
4.675 	-3.90576    
4.685 	-3.47735    
4.695 	-2.94367    
4.705 	-2.29869    
4.715 	-1.54077    
4.725 	-0.672742   
4.735 	0.298152    
4.745 	1.36053     
4.755 	2.49927     
4.765 	3.69611     
4.775 	4.93027     
4.785 	6.17923     
4.795 	7.41959     
4.805 	8.62789     
4.815 	9.78148     
4.825 	10.8593     
4.835 	11.8428     
4.845 	12.7162     
4.855 	13.4675     
4.865 	14.0884     
4.875 	14.575      
4.885 	14.9276     
4.895 	15.1505     
4.905 	15.2521     
4.915 	15.2444     
4.925 	15.1421     
4.935 	14.9626     
4.945 	14.725      
4.955 	14.4492     
4.965 	14.1553     
4.975 	13.8628     
4.985 	13.5897     
4.995 	13.3522     
5.005 	13.1635     
5.015 	13.034      
5.025 	12.9703     
5.035 	12.9756     
5.045 	13.049      
5.055 	13.186      
5.065 	13.3787     
5.075 	13.616      
5.085 	13.8841     
5.095 	14.167      
5.105 	14.4473     
5.115 	14.7068     
5.125 	14.9274     
5.135 	15.0914     
5.145 	15.1825     
5.155 	15.1864     
5.165 	15.0912     
5.175 	14.8882     
5.185 	14.5716     
5.195 	14.1393     
5.205 	13.5928     
5.215 	12.937      
5.225 	12.1802     
5.235 	11.3336     
5.245 	10.4111     
5.255 	9.42865     
5.265 	8.40372     
5.275 	7.35471     
5.285 	6.30025     
5.295 	5.25861     
5.305 	4.24704     
5.315 	3.28123     
5.325 	2.3748      
5.335 	1.53887     
5.345 	0.78176     
5.355 	0.108788    
5.365 	-0.477833   
5.375 	-0.978961   
5.385 	-1.39839    
5.395 	-1.74259    
5.405 	-2.02037    
5.415 	-2.24248    
5.425 	-2.4211     
5.435 	-2.56929    
5.445 	-2.7005     
5.455 	-2.82799    
5.465 	-2.96427    
5.475 	-3.12066    
5.485 	-3.30684    
5.495 	-3.53048    
5.505 	-3.79699    
5.515 	-4.10931    
5.525 	-4.46786    
5.535 	-4.87058    
5.545 	-5.313      
5.555 	-5.78847    
5.565 	-6.28848    
5.575 	-6.803      
5.585 	-7.32088    
5.595 	-7.83035    
5.605 	-8.31941    
5.615 	-8.77639    
5.625 	-9.19032    
5.635 	-9.5514     
5.645 	-9.85133    
5.655 	-10.0836    
5.665 	-10.2438    
5.675 	-10.3296    
5.685 	-10.341     
5.695 	-10.2802    
5.705 	-10.1512    
5.715 	-9.96044    
5.725 	-9.71551    
5.735 	-9.42553    
5.745 	-9.10055    
5.755 	-8.75116    
5.765 	-8.38813    
5.775 	-8.02197    
5.785 	-7.66256    
5.795 	-7.3188     
5.805 	-6.99831    
5.815 	-6.70718    
5.825 	-6.44976    
5.835 	-6.22859    
5.845 	-6.04433    
5.855 	-5.89581    
5.865 	-5.78012    
5.875 	-5.69284    
5.885 	-5.62818    
5.895 	-5.57934    
5.905 	-5.53879    
5.915 	-5.49861    
5.925 	-5.45083    
5.935 	-5.38777    
5.945 	-5.3024     
5.955 	-5.18857    
5.965 	-5.04131    
5.975 	-4.85698    
5.985 	-4.63348    
5.995 	-4.37025    
6.005 	-4.06834    
6.015 	-3.73034    
6.025 	-3.36024    
6.035 	-2.96333    
6.045 	-2.54591    
6.055 	-2.11509    
6.065 	-1.67849    
6.075 	-1.24393    
6.085 	-0.819157   
6.095 	-0.411512   
6.105 	-0.027693   
6.115 	0.326511    
6.125 	0.64642     
6.135 	0.92862     
6.145 	1.17107     
6.155 	1.37316     
6.165 	1.53569     
6.175 	1.66082     
6.185 	1.75195     
6.195 	1.81355     
6.205 	1.85099     
6.215 	1.87027     
6.225 	1.87776     
6.235 	1.88        
6.245 	1.88333     
6.255 	1.89374     
6.265 	1.91655     
6.275 	1.95625     
6.285 	2.0163      
6.295 	2.09903     
6.305 	2.20553     
6.315 	2.33565     
6.325 	2.48799     
6.335 	2.66        
6.345 	2.84806     
6.355 	3.04765     
6.365 	3.25357     
6.375 	3.46008     
6.385 	3.6612      
6.395 	3.85092     
6.405 	4.02343     
6.415 	4.17336     
6.425 	4.29597     
6.435 	4.38735     
6.445 	4.44454     
6.455 	4.46565     
6.465 	4.44991     
6.475 	4.3977      
6.485 	4.31053     
6.495 	4.19093     
6.505 	4.04241     
6.515 	3.86925     
6.525 	3.67639     
6.535 	3.46917     
6.545 	3.25321     
6.555 	3.03413     
6.565 	2.8174      
6.575 	2.60809     
6.585 	2.41077     
6.595 	2.22928     
6.605 	2.06668     
6.615 	1.92512     
6.625 	1.80584     
6.635 	1.70911     
6.645 	1.63428     
6.655 	1.57989     
6.665 	1.54368     
6.675 	1.5228      
6.685 	1.51389     
6.695 	1.51328     
6.705 	1.51717     
6.715 	1.52174     
6.725 	1.52339     
6.735 	1.51885     
6.745 	1.50532     
6.755 	1.48057     
6.765 	1.44304     
6.775 	1.39191     
6.785 	1.32705     
6.795 	1.24909     
6.805 	1.15931     
6.815 	1.0596      
6.825 	0.952365    
6.835 	0.840376    
6.845 	0.726667    
6.855 	0.614379    
6.865 	0.506613    
6.875 	0.406288    
6.885 	0.316012    
6.895 	0.23796     
6.905 	0.173776    
6.915 	0.124503    
6.925 	0.0905314   
6.935 	0.0715826   
6.945 	0.06672     
6.955 	0.0743883   
6.965 	0.0924794   
6.975 	0.118422    
6.985 	0.149293    
6.995 	0.181939    
7.005 	0.213114    
7.015 	0.239614    
7.025 	0.258419    
7.035 	0.266814    
7.045 	0.262513    
7.055 	0.243753    
7.065 	0.209368    
7.075 	0.158848    
7.085 	0.0923532   
7.095 	0.0107208   
7.105 	-0.084573   
7.115 	-0.191468   
7.125 	-0.307403   
7.135 	-0.429415   
7.145 	-0.554259   
7.155 	-0.67854    
7.165 	-0.798846   
7.175 	-0.911883   
7.185 	-1.01461    
7.195 	-1.10436    
7.205 	-1.17894    
7.215 	-1.23673    
7.225 	-1.27672    
7.235 	-1.29859    
7.245 	-1.30267    
7.255 	-1.28998    
7.265 	-1.26213    
7.275 	-1.2213     
7.285 	-1.17013    
7.295 	-1.1116     
7.305 	-1.04894    
7.315 	-0.98548    
7.325 	-0.924509   
7.335 	-0.869163   
7.345 	-0.822288   
7.355 	-0.786329   
7.365 	-0.763232   
7.375 	-0.754371   
7.385 	-0.76049    
7.395 	-0.78168    
7.405 	-0.817374   
7.415 	-0.86637    
7.425 	-0.926883   
7.435 	-0.99662    
7.445 	-1.07286    
7.455 	-1.15259    
7.465 	-1.23258    
7.475 	-1.30957    
7.485 	-1.38034    
7.495 	-1.44187    
7.505 	-1.49146    
7.515 	-1.52683    
7.525 	-1.54619    
7.535 	-1.54832    
7.545 	-1.53265    
7.555 	-1.49921    
7.565 	-1.44869    
7.575 	-1.38238    
7.585 	-1.30212    
7.595 	-1.21023    
7.605 	-1.10943    
7.615 	-1.00269    
7.625 	-0.893192   
7.635 	-0.784121   
7.645 	-0.678602   
7.655 	-0.579559   
7.665 	-0.489611   
7.675 	-0.410974   
7.685 	-0.345382   
7.695 	-0.294027   
7.705 	-0.257521   
7.715 	-0.235883   
7.725 	-0.228543   
7.735 	-0.234379   
7.745 	-0.251765   
7.755 	-0.278646   
7.765 	-0.312624   
7.775 	-0.351059   
7.785 	-0.391178   
7.795 	-0.430184   
7.805 	-0.465371   
7.815 	-0.494231   
7.825 	-0.514546   
7.835 	-0.524478   
7.845 	-0.522631   
7.855 	-0.508107   
7.865 	-0.480529   
7.875 	-0.440049   
7.885 	-0.387338   
7.895 	-0.323548   
7.905 	-0.250257   
7.915 	-0.169406   
7.925 	-0.0832091  
7.935 	0.00593714  
7.945 	0.0955516   
7.955 	0.183171    
7.965 	0.266446    
7.975 	0.343239    
7.985 	0.411698    
7.995 	0.470334    
8.005 	0.518068    
8.015 	0.554271    
8.025 	0.578779    
8.035 	0.591887    
8.045 	0.59433     
8.055 	0.587243    
8.065 	0.572102    
8.075 	0.550657    
8.085 	0.524849    
8.095 	0.496725    
8.105 	0.468346    
8.115 	0.441695    
8.125 	0.418597    
8.135 	0.400636    
8.145 	0.38909     
8.155 	0.384878    
8.165 	0.388525    
8.175 	0.400139    
8.185 	0.419415    
8.195 	0.445649    
8.205 	0.477771    
8.215 	0.514397    
8.225 	0.553896    
8.235 	0.594457    
8.245 	0.634177    
8.255 	0.671147    
8.265 	0.703535    
8.275 	0.729675    
8.285 	0.748139    
8.295 	0.757804    
8.305 	0.757909    
8.315 	0.748091    
8.325 	0.728406    
8.335 	0.699336    
8.345 	0.66177     
8.355 	0.616974    
8.365 	0.566543    
8.375 	0.512338    
8.385 	0.45641     
8.395 	0.400917    
8.405 	0.348035    
8.415 	0.299866    
8.425 	0.258349    
8.435 	0.225177    
8.445 	0.201724    
8.455 	0.188978    
8.465 	0.187498    
8.475 	0.197381    
8.485 	0.218249    
8.495 	0.249257    
8.505 	0.289118    
8.515 	0.336146    
8.525 	0.388315    
8.535 	0.443334    
8.545 	0.498731    
8.555 	0.551946    
8.565 	0.600431    
8.575 	0.641747    
8.585 	0.673659    
8.595 	0.694227    
8.605 	0.701881    
8.615 	0.695486    
8.625 	0.674396    
8.635 	0.638477    
8.645 	0.588125    
8.655 	0.524254    
8.665 	0.448272    
8.675 	0.362031    
8.685 	0.267764    
8.695 	0.168012    
8.705 	0.0655301   
8.715 	-0.0368078  
8.725 	-0.136112   
8.735 	-0.229577   
8.745 	-0.314587   
8.755 	-0.388802   
8.765 	-0.450242   
8.775 	-0.497361   
8.785 	-0.529093   
8.795 	-0.544891   
8.805 	-0.544743   
8.815 	-0.529168   
8.825 	-0.499192   
8.835 	-0.456308   
8.845 	-0.40242    
8.855 	-0.339764   
8.865 	-0.270831   
8.875 	-0.198272   
8.885 	-0.124798   
8.895 	-0.0530848  
8.905 	0.0143223   
8.915 	0.075101    
8.925 	0.12723     
8.935 	0.169056    
8.945 	0.19935     
8.955 	0.217337    
8.965 	0.222722    
8.975 	0.215683    
8.985 	0.196856    
8.995 	0.167301    
9.005 	0.128447    
9.015 	0.0820324   
9.025 	0.0300254   
9.035 	-0.0254545  
9.045 	-0.0822253  
9.055 	-0.13813    
9.065 	-0.19112    
9.075 	-0.239338   
9.085 	-0.281183   
9.095 	-0.315373   
9.105 	-0.340988   
9.115 	-0.357499   
9.125 	-0.364781   
9.135 	-0.36311    
9.145 	-0.353145   
9.155 	-0.335888   
9.165 	-0.31264    
9.175 	-0.284937   
9.185 	-0.254483   
9.195 	-0.223074   
9.205 	-0.19252    
9.215 	-0.164565   
9.225 	-0.140816   
9.235 	-0.122672   
9.245 	-0.111266   
9.255 	-0.107418   
9.265 	-0.111601   
9.275 	-0.12392    
9.285 	-0.144111   
9.295 	-0.171551   
9.305 	-0.205283   
9.315 	-0.244057   
9.325 	-0.286384   
9.335 	-0.330595   
9.345 	-0.37491    
9.355 	-0.417516   
9.365 	-0.456636   
9.375 	-0.490605   
9.385 	-0.517942   
9.395 	-0.537404   
9.405 	-0.548045   
9.415 	-0.549251   
9.425 	-0.540766   
9.435 	-0.522707   
9.445 	-0.495557   
9.455 	-0.460148   
9.465 	-0.417629   
9.475 	-0.36942    
9.485 	-0.317158   
9.495 	-0.262629   
9.505 	-0.207701   
9.515 	-0.154246   
9.525 	-0.10407    
9.535 	-0.0588377  
9.545 	-0.0200082  
9.555 	0.0112229   
9.565 	0.0339717   
9.575 	0.0477004   
9.585 	0.0522396   
9.595 	0.0477947   
9.605 	0.034938    
9.615 	0.0145868   
9.625 	-0.012033   
9.635 	-0.0434349  
9.645 	-0.0779301  
9.655 	-0.113694   
9.665 	-0.148836   
9.675 	-0.181478   
9.685 	-0.209824   
9.695 	-0.232232   
9.705 	-0.247279   
9.715 	-0.253816   
9.725 	-0.251014   
9.735 	-0.238396   
9.745 	-0.215857   
9.755 	-0.18367    
9.765 	-0.142472   
9.775 	-0.0932447  
9.785 	-0.0372734  
9.795 	0.023898    
9.805 	0.088528    
9.815 	0.154742    
9.825 	0.220605    
9.835 	0.284191    
9.845 	0.343659    
9.855 	0.397318    
9.865 	0.443691    
9.875 	0.481572    
9.885 	0.510061    
9.895 	0.528603    
9.905 	0.537002    
9.915 	0.535426    
9.925 	0.524393    
9.935 	0.504755    
9.945 	0.477651    
9.955 	0.44447     
9.965 	0.406788    
9.975 	0.366304    
9.985 	0.324779    
9.995 	0.28396     