q      	cage        
0.005 	-40039.4    
0.015 	-40057.8    
0.025 	-40093.1    
0.035 	-40142      
0.045 	-40199.9    
0.055 	-40260.8    
0.065 	-40317.5    
0.075 	-40361.8    
0.085 	-40385      
0.095 	-40377.6    
0.105 	-40330      
0.115 	-40232.7    
0.125 	-40076.4    
0.135 	-39852.6    
0.145 	-39553.5    
0.155 	-39172.3    
0.165 	-38703.9    
0.175 	-38144.1    
0.185 	-37490.9    
0.195 	-36743.4    
0.205 	-35903      
0.215 	-34972.6    
0.225 	-33956.9    
0.235 	-32862.2    
0.245 	-31696.5    
0.255 	-30469      
0.265 	-29190.2    
0.275 	-27871.7    
0.285 	-26525.6    
0.295 	-25164.7    
0.305 	-23802.1    
0.315 	-22450.5    
0.325 	-21122.6    
0.335 	-19830.6    
0.345 	-18585.6    
0.355 	-17397.8    
0.365 	-16276.4    
0.375 	-15229      
0.385 	-14261.7    
0.395 	-13379.2    
0.405 	-12584.3    
0.415 	-11878.4    
0.425 	-11261.2    
0.435 	-10730.6    
0.445 	-10283.4    
0.455 	-9914.84    
0.465 	-9618.97    
0.475 	-9388.86    
0.485 	-9216.76    
0.495 	-9094.28    
0.505 	-9012.64    
0.515 	-8962.86    
0.525 	-8935.97    
0.535 	-8923.26    
0.545 	-8916.39    
0.555 	-8907.64    
0.565 	-8890.05    
0.575 	-8857.49    
0.585 	-8804.85    
0.595 	-8728.05    
0.605 	-8624.14    
0.615 	-8491.29    
0.625 	-8328.77    
0.635 	-8136.95    
0.645 	-7917.22    
0.655 	-7671.93    
0.665 	-7404.23    
0.675 	-7118.04    
0.685 	-6817.82    
0.695 	-6508.51    
0.705 	-6195.34    
0.715 	-5883.66    
0.725 	-5578.84    
0.735 	-5286.11    
0.745 	-5010.37    
0.755 	-4756.14    
0.765 	-4527.4     
0.775 	-4327.51    
0.785 	-4159.1     
0.795 	-4024.06    
0.805 	-3923.44    
0.815 	-3857.49    
0.825 	-3825.59    
0.835 	-3826.32    
0.845 	-3857.47    
0.855 	-3916.1     
0.865 	-3998.62    
0.875 	-4100.84    
0.885 	-4218.11    
0.895 	-4345.38    
0.905 	-4477.35    
0.915 	-4608.57    
0.925 	-4733.55    
0.935 	-4846.88    
0.945 	-4943.37    
0.955 	-5018.13    
0.965 	-5066.7     
0.975 	-5085.1     
0.985 	-5069.97    
0.995 	-5018.59    
1.005 	-4928.96    
1.015 	-4799.85    
1.025 	-4630.77    
1.035 	-4422.05    
1.045 	-4174.8     
1.055 	-3890.86    
1.065 	-3572.82    
1.075 	-3223.89    
1.085 	-2847.93    
1.095 	-2449.28    
1.105 	-2032.74    
1.115 	-1603.42    
1.125 	-1166.69    
1.135 	-728.049    
1.145 	-293.009    
1.155 	132.989     
1.165 	544.692     
1.175 	937.128     
1.185 	1305.7      
1.195 	1646.27     
1.205 	1955.22     
1.215 	2229.53     
1.225 	2466.81     
1.235 	2665.34     
1.245 	2824.09     
1.255 	2942.71     
1.265 	3021.56     
1.275 	3061.62     
1.285 	3064.51     
1.295 	3032.41     
1.305 	2968.03     
1.315 	2874.49     
1.325 	2755.28     
1.335 	2614.18     
1.345 	2455.15     
1.355 	2282.24     
1.365 	2099.53     
1.375 	1911.03     
1.385 	1720.6      
1.395 	1531.86     
1.405 	1348.14     
1.415 	1172.43     
1.425 	1007.33     
1.435 	854.992     
1.445 	717.12      
1.455 	594.95      
1.465 	489.255     
1.475 	400.349     
1.485 	328.113     
1.495 	272.028     
1.505 	231.212     
1.515 	204.472     
1.525 	190.35      
1.535 	187.189     
1.545 	193.185     
1.555 	206.449     
1.565 	225.069     
1.575 	247.16      
1.585 	270.922     
1.595 	294.681     
1.605 	316.934     
1.615 	336.379     
1.625 	351.942     
1.635 	362.789     
1.645 	368.341     
1.655 	368.27      
1.665 	362.491     
1.675 	351.152     
1.685 	334.606     
1.695 	313.39      
1.705 	288.192     
1.715 	259.818     
1.725 	229.155     
1.735 	197.137     
1.745 	164.705     
1.755 	132.777     
1.765 	102.217     
1.775 	73.8023     
1.785 	48.2046     
1.795 	25.9698     
1.805 	7.50491     
1.815 	-6.92934    
1.825 	-17.221     
1.835 	-23.4037    
1.845 	-25.6483    
1.855 	-24.2506    
1.865 	-19.615     
1.875 	-12.2348    
1.885 	-2.6705     
1.895 	8.47293     
1.905 	20.5702     
1.915 	32.9986     
1.925 	45.1605     
1.935 	56.5037     
1.945 	66.5387     
1.955 	74.8541     
1.965 	81.1275     
1.975 	85.1331     
1.985 	86.7456     
1.995 	85.94       
2.005 	82.7879     
2.015 	77.4502     
2.025 	70.1672     
2.035 	61.2459     
2.045 	51.0451     
2.055 	39.9599     
2.065 	28.4043     
2.075 	16.7953     
2.085 	5.53587     
2.095 	-4.99975    
2.105 	-14.4798    
2.115 	-22.6262    
2.125 	-29.2239    
2.135 	-34.1272    
2.145 	-37.2629    
2.155 	-38.6316    
2.165 	-38.3052    
2.175 	-36.4223    
2.185 	-33.1812    
2.195 	-28.8309    
2.205 	-23.66      
2.215 	-17.9853    
2.225 	-12.1388    
2.235 	-6.45498    
2.245 	-1.25823    
2.255 	3.14901     
2.265 	6.49706     
2.275 	8.55824     
2.285 	9.15441     
2.295 	8.16241     
2.305 	5.51744     
2.315 	1.21422     
2.325 	-4.69408    
2.335 	-12.0989    
2.345 	-20.8413    
2.355 	-30.7188    
2.365 	-41.493     
2.375 	-52.8993    
2.385 	-64.6559    
2.395 	-76.4747    
2.405 	-88.0706    
2.415 	-99.1713    
2.425 	-109.526    
2.435 	-118.914    
2.445 	-127.15     
2.455 	-134.088    
2.465 	-139.628    
2.475 	-143.716    
2.485 	-146.341    
2.495 	-147.538    
2.505 	-147.383    
2.515 	-145.987    
2.525 	-143.491    
2.535 	-140.063    
2.545 	-135.883    
2.555 	-131.144    
2.565 	-126.04     
2.575 	-120.759    
2.585 	-115.477    
2.595 	-110.352    
2.605 	-105.519    
2.615 	-101.086    
2.625 	-97.1292    
2.635 	-93.6965    
2.645 	-90.8025    
2.655 	-88.4319    
2.665 	-86.5411    
2.675 	-85.0616    
2.685 	-83.9041    
2.695 	-82.9634    
2.705 	-82.1232    
2.715 	-81.2624    
2.725 	-80.2598    
2.735 	-79.0001    
2.745 	-77.3785    
2.755 	-75.3051    
2.765 	-72.7088    
2.775 	-69.5398    
2.785 	-65.7714    
2.795 	-61.4014    
2.805 	-56.4514    
2.815 	-50.9659    
2.825 	-45.0107    
2.835 	-38.6695    
2.845 	-32.0414    
2.855 	-25.2359    
2.865 	-18.3697    
2.875 	-11.5615    
2.885 	-4.92815    
2.895 	1.41989     
2.905 	7.38238     
2.915 	12.8726     
2.925 	17.8203     
2.935 	22.1736     
2.945 	25.9004     
2.955 	28.9891     
2.965 	31.4482     
2.975 	33.3051     
2.985 	34.6048     
2.995 	35.4071     
3.005 	35.7843     
3.015 	35.8173     
3.025 	35.5927     
3.035 	35.1987     
3.045 	34.722      
3.055 	34.244      
3.065 	33.8379     
3.075 	33.5659     
3.085 	33.4774     
3.095 	33.6069     
3.105 	33.9732     
3.115 	34.5795     
3.125 	35.4131     
3.135 	36.447      
3.145 	37.6411     
3.155 	38.9444     
3.165 	40.2972     
3.175 	41.6345     
3.185 	42.8882     
3.195 	43.9905     
3.205 	44.877      
3.215 	45.4891     
3.225 	45.7767     
3.235 	45.7007     
3.245 	45.2341     
3.255 	44.3635     
3.265 	43.0896     
3.275 	41.4275     
3.285 	39.4061     
3.295 	37.067      
3.305 	34.463      
3.315 	31.6562     
3.325 	28.716      
3.335 	25.7161     
3.345 	22.7322     
3.355 	19.8392     
3.365 	17.1085     
3.375 	14.6056     
3.385 	12.3876     
3.395 	10.5017     
3.405 	8.98335     
3.415 	7.85522     
3.425 	7.12671     
3.435 	6.79377     
3.445 	6.83931     
3.455 	7.23404     
3.465 	7.93774     
3.475 	8.90091     
3.485 	10.0667     
3.495 	11.3733     
3.505 	12.7557     
3.515 	14.1488     
3.525 	15.4891     
3.535 	16.7172     
3.545 	17.78       
3.555 	18.6318     
3.565 	19.2365     
3.575 	19.5679     
3.585 	19.6108     
3.595 	19.3613     
3.605 	18.8258     
3.615 	18.0215     
3.625 	16.9746     
3.635 	15.7195     
3.645 	14.2967     
3.655 	12.7519     
3.665 	11.1332     
3.675 	9.48988     
3.685 	7.87013     
3.695 	6.31932     
3.705 	4.8784      
3.715 	3.5824      
3.725 	2.45928     
3.735 	1.52908     
3.745 	0.803371    
3.755 	0.285078    
3.765 	-0.0313935  
3.775 	-0.159668   
3.785 	-0.120634   
3.795 	0.0585997   
3.805 	0.345946    
3.815 	0.705759    
3.825 	1.10035     
3.835 	1.49153     
3.845 	1.84219     
3.855 	2.11772     
3.865 	2.28733     
3.875 	2.32523     
3.885 	2.21153     
3.895 	1.93292     
3.905 	1.48304     
3.915 	0.862606    
3.925 	0.0792621   
3.935 	-0.852891   
3.945 	-1.91396    
3.955 	-3.07914    
3.965 	-4.31983    
3.975 	-5.60476    
3.985 	-6.90131    
3.995 	-8.1768     
4.005 	-9.39977    
4.015 	-10.5412    
4.025 	-11.5755    
4.035 	-12.4815    
4.045 	-13.2433    
4.055 	-13.8505    
4.065 	-14.2987    
4.075 	-14.5897    
4.085 	-14.7306    
4.095 	-14.7343    
4.105 	-14.6182    
4.115 	-14.4037    
4.125 	-14.1152    
4.135 	-13.7792    
4.145 	-13.4227    
4.155 	-13.0726    
4.165 	-12.7547    
4.175 	-12.4921    
4.185 	-12.3048    
4.195 	-12.2086    
4.205 	-12.2149    
4.215 	-12.3299    
4.225 	-12.5547    
4.235 	-12.8851    
4.245 	-13.312     
4.255 	-13.8216    
4.265 	-14.3961    
4.275 	-15.0146    
4.285 	-15.6535    
4.295 	-16.2879    
4.305 	-16.8922    
4.315 	-17.4414    
4.325 	-17.9119    
4.335 	-18.2822    
4.345 	-18.5341    
4.355 	-18.6531    
4.365 	-18.6287    
4.375 	-18.4553    
4.385 	-18.1317    
4.395 	-17.6618    
4.405 	-17.0537    
4.415 	-16.3197    
4.425 	-15.4759    
4.435 	-14.5411    
4.445 	-13.5366    
4.455 	-12.4851    
4.465 	-11.4096    
4.475 	-10.3331    
4.485 	-9.27737    
4.495 	-8.26228    
4.505 	-7.30513    
4.515 	-6.42008    
4.525 	-5.61769    
4.535 	-4.90465    
4.545 	-4.28361    
4.555 	-3.75323    
4.565 	-3.30834    
4.575 	-2.94026    
4.585 	-2.63722    
4.595 	-2.38495    
4.605 	-2.1673     
4.615 	-1.96694    
4.625 	-1.7661     
4.635 	-1.54729    
4.645 	-1.29402    
4.655 	-0.991468   
4.665 	-0.627031   
4.675 	-0.19083    
4.685 	0.323929    
4.695 	0.920708    
4.705 	1.59953     
4.715 	2.35699     
4.725 	3.18645     
4.735 	4.07824     
4.745 	5.02013     
4.755 	5.99775     
4.765 	6.99516     
4.775 	7.99544     
4.785 	8.98131     
4.795 	9.93577     
4.805 	10.8427     
4.815 	11.6873     
4.825 	12.4569     
4.835 	13.1409     
4.845 	13.7314     
4.855 	14.2233     
4.865 	14.6145     
4.875 	14.9055     
4.885 	15.0997     
4.895 	15.203      
4.905 	15.2233     
4.915 	15.1704     
4.925 	15.0551     
4.935 	14.8894     
4.945 	14.6853     
4.955 	14.4545     
4.965 	14.2081     
4.975 	13.9561     
4.985 	13.7068     
4.995 	13.4668     
5.005 	13.2406     
5.015 	13.0305     
5.025 	12.8366     
5.035 	12.6571     
5.045 	12.488      
5.055 	12.3236     
5.065 	12.1571     
5.075 	11.9804     
5.085 	11.785      
5.095 	11.5621     
5.105 	11.3033     
5.115 	11.001      
5.125 	10.6487     
5.135 	10.2411     
5.145 	9.77522     
5.155 	9.24959     
5.165 	8.66506     
5.175 	8.02463     
5.185 	7.33337     
5.195 	6.59837     
5.205 	5.82847     
5.215 	5.03396     
5.225 	4.2263      
5.235 	3.41763     
5.245 	2.62042     
5.255 	1.84699     
5.265 	1.10905     
5.275 	0.417318    
5.285 	-0.218889   
5.295 	-0.791988   
5.305 	-1.29639    
5.315 	-1.72872    
5.325 	-2.08789    
5.335 	-2.37516    
5.345 	-2.59409    
5.355 	-2.75034    
5.365 	-2.85152    
5.375 	-2.90685    
5.385 	-2.92682    
5.395 	-2.92281    
5.405 	-2.90663    
5.415 	-2.89014    
5.425 	-2.88472    
5.435 	-2.90095    
5.445 	-2.94815    
5.455 	-3.03407    
5.465 	-3.16462    
5.475 	-3.34366    
5.485 	-3.57283    
5.495 	-3.85156    
5.505 	-4.17707    
5.515 	-4.54447    
5.525 	-4.947      
5.535 	-5.37621    
5.545 	-5.82234    
5.555 	-6.27465    
5.565 	-6.72179    
5.575 	-7.15226    
5.585 	-7.55477    
5.595 	-7.91866    
5.605 	-8.23425    
5.615 	-8.49318    
5.625 	-8.68872    
5.635 	-8.81591    
5.645 	-8.87177    
5.655 	-8.85536    
5.665 	-8.76775    
5.675 	-8.61201    
5.685 	-8.39301    
5.695 	-8.11727    
5.705 	-7.79265    
5.715 	-7.42811    
5.725 	-7.03333    
5.735 	-6.61842    
5.745 	-6.1935     
5.755 	-5.76839    
5.765 	-5.35231    
5.775 	-4.95352    
5.785 	-4.57915    
5.795 	-4.23491    
5.805 	-3.92503    
5.815 	-3.65213    
5.825 	-3.41718    
5.835 	-3.21961    
5.845 	-3.05733    
5.855 	-2.92692    
5.865 	-2.82383    
5.875 	-2.74261    
5.885 	-2.67715    
5.895 	-2.62098    
5.905 	-2.56757    
5.915 	-2.51054    
5.925 	-2.44401    
5.935 	-2.36275    
5.945 	-2.26247    
5.955 	-2.13989    
5.965 	-1.9929     
5.975 	-1.82062    
5.985 	-1.62341    
5.995 	-1.40282    
6.005 	-1.16152    
6.015 	-0.903133   
6.025 	-0.63213    
6.035 	-0.35358    
6.045 	-0.0729578  
6.055 	0.204088    
6.065 	0.471966    
6.075 	0.725367    
6.085 	0.959471    
6.095 	1.17013     
6.105 	1.35403     
6.115 	1.50878     
6.125 	1.63305     
6.135 	1.72652     
6.145 	1.78996     
6.155 	1.82512     
6.165 	1.83466     
6.175 	1.82203     
6.185 	1.79132     
6.195 	1.74707     
6.205 	1.6941      
6.215 	1.63731     
6.225 	1.58146     
6.235 	1.53101     
6.245 	1.48997     
6.255 	1.46168     
6.265 	1.44876     
6.275 	1.45299     
6.285 	1.47529     
6.295 	1.51566     
6.305 	1.57322     
6.315 	1.64631     
6.325 	1.7325      
6.335 	1.82878     
6.345 	1.93166     
6.355 	2.03734     
6.365 	2.14187     
6.375 	2.24134     
6.385 	2.332       
6.395 	2.41047     
6.405 	2.47384     
6.415 	2.51978     
6.425 	2.54666     
6.435 	2.55359     
6.445 	2.54043     
6.455 	2.50782     
6.465 	2.4571      
6.475 	2.39029     
6.485 	2.30994     
6.495 	2.21907     
6.505 	2.12099     
6.515 	2.01918     
6.525 	1.91715     
6.535 	1.81827     
6.545 	1.72562     
6.555 	1.6419      
6.565 	1.5693      
6.575 	1.5094      
6.585 	1.46312     
6.595 	1.43071     
6.605 	1.41172     
6.615 	1.40503     
6.625 	1.4089      
6.635 	1.42108     
6.645 	1.43889     
6.655 	1.45934     
6.665 	1.47926     
6.675 	1.49545     
6.685 	1.50481     
6.695 	1.5045      
6.705 	1.49203     
6.715 	1.4654      
6.725 	1.42316     
6.735 	1.36453     
6.745 	1.28937     
6.755 	1.19825     
6.765 	1.09241     
6.775 	0.973699    
6.785 	0.844558    
6.795 	0.707877    
6.805 	0.566905    
6.815 	0.425122    
6.825 	0.286104    
6.835 	0.153379    
6.845 	0.0302938   
6.855 	-0.0801215  
6.865 	-0.17527    
6.875 	-0.253092   
6.885 	-0.312145   
6.895 	-0.351661   
6.905 	-0.371576   
6.915 	-0.372536   
6.925 	-0.355869   
6.935 	-0.323538   
6.945 	-0.278061   
6.955 	-0.222415   
6.965 	-0.159926   
6.975 	-0.0941347  
6.985 	-0.0286662  
6.995 	0.0329114   
7.005 	0.087221    
7.015 	0.131205    
7.025 	0.162238    
7.035 	0.178228    
7.045 	0.177688    
7.055 	0.159792    
7.065 	0.124402    
7.075 	0.0720663   
7.085 	0.00399321  
7.095 	-0.0779976  
7.105 	-0.171552   
7.115 	-0.273873   
7.125 	-0.381835   
7.135 	-0.492103   
7.145 	-0.601263   
7.155 	-0.70595    
7.165 	-0.802982   
7.175 	-0.889474   
7.185 	-0.962944   
7.195 	-1.02141    
7.205 	-1.06345    
7.215 	-1.08826    
7.225 	-1.09565    
7.235 	-1.08611    
7.245 	-1.06068    
7.255 	-1.02099    
7.265 	-0.969156   
7.275 	-0.907672   
7.285 	-0.839337   
7.295 	-0.767129   
7.305 	-0.694085   
7.315 	-0.623182   
7.325 	-0.557223   
7.335 	-0.498727   
7.345 	-0.449836   
7.355 	-0.412236   
7.365 	-0.387097   
7.375 	-0.375035   
7.385 	-0.376097   
7.395 	-0.389769   
7.405 	-0.415003   
7.415 	-0.450274   
7.425 	-0.493642   
7.435 	-0.542846   
7.445 	-0.595396   
7.455 	-0.648681   
7.465 	-0.700079   
7.475 	-0.747066   
7.485 	-0.787321   
7.495 	-0.818822   
7.505 	-0.839924   
7.515 	-0.849431   
7.525 	-0.846638   
7.535 	-0.831364   
7.545 	-0.803949   
7.555 	-0.765248   
7.565 	-0.716584   
7.575 	-0.6597     
7.585 	-0.596681   
7.595 	-0.52987    
7.605 	-0.461769   
7.615 	-0.394936   
7.625 	-0.331881   
7.635 	-0.27496    
7.645 	-0.226278   
7.655 	-0.187604   
7.665 	-0.160294   
7.675 	-0.145237   
7.685 	-0.142812   
7.695 	-0.152876   
7.705 	-0.174758   
7.715 	-0.207293   
7.725 	-0.248854   
7.735 	-0.297422   
7.745 	-0.35066    
7.755 	-0.406002   
7.765 	-0.460754   
7.775 	-0.512196   
7.785 	-0.55769    
7.795 	-0.59478    
7.805 	-0.621291   
7.815 	-0.635411   
7.825 	-0.635764   
7.835 	-0.621468   
7.845 	-0.592163   
7.855 	-0.548038   
7.865 	-0.489817   
7.875 	-0.418743   
7.885 	-0.336525   
7.895 	-0.245286   
7.905 	-0.147478   
7.915 	-0.0457987  
7.925 	0.0569102   
7.935 	0.157764    
7.945 	0.253938    
7.955 	0.342774    
7.965 	0.421868    
7.975 	0.489161    
7.985 	0.543009    
7.995 	0.582235    
8.005 	0.606174    
8.015 	0.614687    
8.025 	0.608161    
8.035 	0.587493    
8.045 	0.554045    
8.055 	0.509596    
8.065 	0.456268    
8.075 	0.396443    
8.085 	0.332679    
8.095 	0.267607    
8.105 	0.203842    
8.115 	0.143882    
8.125 	0.0900219   
8.135 	0.0442739   
8.145 	0.00829844  
8.155 	-0.0166491  
8.165 	-0.0297565  
8.175 	-0.0306748  
8.185 	-0.0195212  
8.195 	0.00313554  
8.205 	0.0363074   
8.215 	0.0786334   
8.225 	0.12844     
8.235 	0.183812    
8.245 	0.242669    
8.255 	0.302855    
8.265 	0.362213    
8.275 	0.418677    
8.285 	0.470343    
8.295 	0.515544    
8.305 	0.552901    
8.315 	0.581379    
8.325 	0.600311    
8.335 	0.609416    
8.345 	0.608806    
8.355 	0.598961    
8.365 	0.58071     
8.375 	0.555183    
8.385 	0.523758    
8.395 	0.488001    
8.405 	0.449595    
8.415 	0.410268    
8.425 	0.37172     
8.435 	0.335556    
8.445 	0.303217    
8.455 	0.275922    
8.465 	0.254624    
8.475 	0.239974    
8.485 	0.232295    
8.495 	0.231574    
8.505 	0.237471    
8.515 	0.249332    
8.525 	0.266222    
8.535 	0.286971    
8.545 	0.310219    
8.555 	0.33448     
8.565 	0.358204    
8.575 	0.379844    
8.585 	0.397918    
8.595 	0.411075    
8.605 	0.418149    
8.615 	0.418208    
8.625 	0.410591    
8.635 	0.394941    
8.645 	0.371212    
8.655 	0.339678    
8.665 	0.300922    
8.675 	0.255808    
8.685 	0.205455    
8.695 	0.151187    
8.705 	0.0944847   
8.715 	0.0369278   
8.725 	-0.0198667  
8.735 	-0.0743063  
8.745 	-0.124883   
8.755 	-0.170232   
8.765 	-0.209181   
8.775 	-0.240792   
8.785 	-0.264398   
8.795 	-0.279622   
8.805 	-0.286391   
8.815 	-0.284934   
8.825 	-0.275768   
8.835 	-0.259674   
8.845 	-0.237665   
8.855 	-0.210943   
8.865 	-0.180849   
8.875 	-0.148807   
8.885 	-0.116271   
8.895 	-0.0846651  
8.905 	-0.0553275  
8.915 	-0.0294621  
8.925 	-0.00809168 
8.935 	0.00797879  
8.945 	0.0181901   
8.955 	0.0222466   
8.965 	0.0201229   
8.975 	0.0120596   
8.985 	-0.00145138 
8.995 	-0.0196917  
9.005 	-0.0417504  
9.015 	-0.0665654  
9.025 	-0.0929699  
9.035 	-0.119743   
9.045 	-0.145664   
9.055 	-0.16956    
9.065 	-0.190359   
9.075 	-0.207136   
9.085 	-0.219146   
9.095 	-0.225858   
9.105 	-0.226979   
9.115 	-0.222461   
9.125 	-0.212507   
9.135 	-0.197559   
9.145 	-0.178284   
9.155 	-0.155541   
9.165 	-0.130349   
9.175 	-0.103849   
9.185 	-0.0772479  
9.195 	-0.0517797  
9.205 	-0.0286489  
9.215 	-0.00898417 
9.225 	0.00620828  
9.235 	0.0160851   
9.245 	0.0200007   
9.255 	0.0175333   
9.265 	0.00850319  
9.275 	-0.00701925 
9.285 	-0.028715   
9.295 	-0.0560275  
9.305 	-0.0881831  
9.315 	-0.12422    
9.325 	-0.163022   
9.335 	-0.203364   
9.345 	-0.243954   
9.355 	-0.283483   
9.365 	-0.320671   
9.375 	-0.354317   
9.385 	-0.383339   
9.395 	-0.406816   
9.405 	-0.424018   
9.415 	-0.434429   
9.425 	-0.437769   
9.435 	-0.433995   
9.445 	-0.423303   
9.455 	-0.406117   
9.465 	-0.383067   
9.475 	-0.354965   
9.485 	-0.322772   
9.495 	-0.287556   
9.505 	-0.250456   
9.515 	-0.212634   
9.525 	-0.175232   
9.535 	-0.139332   
9.545 	-0.105915   
9.555 	-0.0758265  
9.565 	-0.0497511  
9.575 	-0.0281883  
9.585 	-0.0114398  
9.595 	0.000395887 
9.605 	0.00742102  
9.615 	0.00992832  
9.625 	0.00838314  
9.635 	0.00339924  
9.645 	-0.00429076 
9.655 	-0.0138691  
9.665 	-0.0244691  
9.675 	-0.0352129  
9.685 	-0.0452481  
9.695 	-0.0537832  
9.705 	-0.0601191  
9.715 	-0.0636766  
9.725 	-0.0640178  
9.735 	-0.0608613  
9.745 	-0.0540909  
9.755 	-0.0437559  
9.765 	-0.0300663  
9.775 	-0.0133791  
9.785 	0.00581944  
9.795 	0.0269384   
9.805 	0.0493098   
9.815 	0.0722192   
9.825 	0.0949384   
9.835 	0.116758    
9.845 	0.137017    
9.855 	0.155134    
9.865 	0.170629    
9.875 	0.183146    
9.885 	0.192465    
9.895 	0.198511    
9.905 	0.201357    
9.915 	0.201217    
9.925 	0.198435    
9.935 	0.19347     
9.945 	0.186872    
9.955 	0.179257    
9.965 	0.171278    
9.975 	0.163598    
9.985 	0.156852    
9.995 	0.151624    