#MD input file for simulation of Os3CO10_equequ in Cyclohexane
#Structure
Cyclohexane 512
#Pair_number	X	Y	Z	Mass(a.u)	Charge(C)	Atom_name
1	0.000000	0.000000	0.000000	12.010000	-0.120000	C_99
1	0.000000	0.000000	1.526000
1	1.438471	0.000000	2.035389
1	2.158728	1.245752	1.527446
1	2.160261	1.246637	0.001447
1	0.719235	1.245752	-0.509389
2	0.719235	1.245752	-1.599389	1.007870	0.060000	H_99
2	0.205861	2.136207	-0.146572
2	2.674002	0.356815	-0.362403
2	2.674731	2.136460	-0.361370
2	1.645354	2.136207	1.890263
2	3.186207	1.245752	1.891295
2	1.952940	-0.889823	1.672572
2	1.438471	-0.000000	3.125389
2	-0.513740	0.889823	1.889849
2	-0.513740	-0.889823	1.889849
2	0.513740	-0.889823	-0.363849
2	-1.027479	-0.000000	-0.363849
Os3CO10_equequ 1
23	0.000030	-1.791894	0.000075	190.200000	-0.291700	Os_1
24	-1.451604	0.567999	0.043762	190.200000	-1.303200	Os_2
25	1.451563	0.568067	-0.043815	190.200000	-1.303200	Os_3
3	-1.181071	0.867990	-1.869699	12.010000	0.772700	C_1
5	-1.587844	0.160123	1.951567	12.010000	0.773280	C_2
6	-3.246362	-0.054994	-0.224520	12.010000	0.794960	C_3
7	-1.819647	2.439201	0.300962	12.010000	0.785730	C_4
8	1.587810	0.160031	-1.951587	12.010000	0.773280	C_5
9	1.180963	0.868296	1.869597	12.010000	0.772690	C_6
10	1.819746	2.439218	-0.301191	12.010000	0.785730	C_7
11	3.246259	-0.055051	0.224604	12.010000	0.794970	C_8
13	-1.088467	1.082683	-2.980271	16.000000	-0.464850	O_1
15	-1.740284	-0.073417	3.050620	16.000000	-0.456550	O_2
16	-4.309814	-0.405979	-0.416890	16.000000	-0.446920	O_3
17	-2.033513	3.539994	0.486483	16.000000	-0.449590	O_4
18	1.740292	-0.073568	-3.050622	16.000000	-0.456550	O_5
19	1.088344	1.083176	2.980133	16.000000	-0.464860	O_6
20	2.033738	3.539982	-0.486739	16.000000	-0.449590	O_7
21	4.309644	-0.406225	0.417001	16.000000	-0.446920	O_8
12	0.370288	-1.939051	1.890023	12.010000	0.585760	C_9
4	-0.370153	-1.939286	-1.889870	12.010000	0.585760	C_10
22	-0.626284	-2.133240	-2.984082	16.000000	-0.445460	O_9
14	0.626456	-2.132893	2.984247	16.000000	-0.445460	O_10
end
Lennard-Jones
1 	 1 	 1.196000 	 3.280000 
2 	 2 	 0.756000 	 2.580000 
3 	 3 	 1.757280 	 3.430851 
4 	 4 	 1.757280 	 3.430851 
5 	 5 	 1.757280 	 3.430851 
6 	 6 	 1.757280 	 3.430851 
7 	 7 	 1.757280 	 3.430851 
8 	 8 	 1.757280 	 3.430851 
9 	 9 	 1.757280 	 3.430851 
10 	 10 	 1.757280 	 3.430851 
11 	 11 	 1.757280 	 3.430851 
12 	 12 	 1.757280 	 3.430851 
13 	 13 	 1.004160 	 3.118146 
14 	 14 	 1.004160 	 3.118146 
15 	 15 	 1.004160 	 3.118146 
16 	 16 	 1.004160 	 3.118146 
17 	 17 	 1.004160 	 3.118146 
18 	 18 	 1.004160 	 3.118146 
19 	 19 	 1.004160 	 3.118146 
20 	 20 	 1.004160 	 3.118146 
21 	 21 	 1.004160 	 3.118146 
22 	 22 	 1.004160 	 3.118146 
23 	 23 	 0.619232 	 2.779604 
24 	 24 	 0.619232 	 2.779604 
25 	 25 	 0.619232 	 2.779604 
1 	 2 	 0.950882 	 2.930000 
1 	 3 	 1.449726 	 3.355425 
1 	 4 	 1.449726 	 3.355425 
1 	 5 	 1.449726 	 3.355425 
1 	 6 	 1.449726 	 3.355425 
1 	 7 	 1.449726 	 3.355425 
1 	 8 	 1.449726 	 3.355425 
1 	 9 	 1.449726 	 3.355425 
1 	 10 	 1.449726 	 3.355425 
1 	 11 	 1.449726 	 3.355425 
1 	 12 	 1.449726 	 3.355425 
1 	 13 	 1.095890 	 3.199073 
1 	 14 	 1.095890 	 3.199073 
1 	 15 	 1.095890 	 3.199073 
1 	 16 	 1.095890 	 3.199073 
1 	 17 	 1.095890 	 3.199073 
1 	 18 	 1.095890 	 3.199073 
1 	 19 	 1.095890 	 3.199073 
1 	 20 	 1.095890 	 3.199073 
1 	 21 	 1.095890 	 3.199073 
1 	 22 	 1.095890 	 3.199073 
1 	 23 	 0.860582 	 3.029802 
1 	 24 	 0.860582 	 3.029802 
1 	 25 	 0.860582 	 3.029802 
2 	 3 	 1.152607 	 3.005425 
2 	 4 	 1.152607 	 3.005425 
2 	 5 	 1.152607 	 3.005425 
2 	 6 	 1.152607 	 3.005425 
2 	 7 	 1.152607 	 3.005425 
2 	 8 	 1.152607 	 3.005425 
2 	 9 	 1.152607 	 3.005425 
2 	 10 	 1.152607 	 3.005425 
2 	 11 	 1.152607 	 3.005425 
2 	 12 	 1.152607 	 3.005425 
2 	 13 	 0.871289 	 2.849073 
2 	 14 	 0.871289 	 2.849073 
2 	 15 	 0.871289 	 2.849073 
2 	 16 	 0.871289 	 2.849073 
2 	 17 	 0.871289 	 2.849073 
2 	 18 	 0.871289 	 2.849073 
2 	 19 	 0.871289 	 2.849073 
2 	 20 	 0.871289 	 2.849073 
2 	 21 	 0.871289 	 2.849073 
2 	 22 	 0.871289 	 2.849073 
2 	 23 	 0.684207 	 2.679802 
2 	 24 	 0.684207 	 2.679802 
2 	 25 	 0.684207 	 2.679802 
3 	 4 	 1.757280 	 3.430851 
3 	 5 	 1.757280 	 3.430851 
3 	 6 	 1.757280 	 3.430851 
3 	 7 	 1.757280 	 3.430851 
3 	 8 	 1.757280 	 3.430851 
3 	 9 	 1.757280 	 3.430851 
3 	 10 	 1.757280 	 3.430851 
3 	 11 	 1.757280 	 3.430851 
3 	 12 	 1.757280 	 3.430851 
3 	 13 	 1.328379 	 3.274498 
3 	 14 	 1.328379 	 3.274498 
3 	 15 	 1.328379 	 3.274498 
3 	 16 	 1.328379 	 3.274498 
3 	 17 	 1.328379 	 3.274498 
3 	 18 	 1.328379 	 3.274498 
3 	 19 	 1.328379 	 3.274498 
3 	 20 	 1.328379 	 3.274498 
3 	 21 	 1.328379 	 3.274498 
3 	 22 	 1.328379 	 3.274498 
3 	 23 	 1.043151 	 3.105227 
3 	 24 	 1.043151 	 3.105227 
3 	 25 	 1.043151 	 3.105227 
4 	 5 	 1.757280 	 3.430851 
4 	 6 	 1.757280 	 3.430851 
4 	 7 	 1.757280 	 3.430851 
4 	 8 	 1.757280 	 3.430851 
4 	 9 	 1.757280 	 3.430851 
4 	 10 	 1.757280 	 3.430851 
4 	 11 	 1.757280 	 3.430851 
4 	 12 	 1.757280 	 3.430851 
4 	 13 	 1.328379 	 3.274498 
4 	 14 	 1.328379 	 3.274498 
4 	 15 	 1.328379 	 3.274498 
4 	 16 	 1.328379 	 3.274498 
4 	 17 	 1.328379 	 3.274498 
4 	 18 	 1.328379 	 3.274498 
4 	 19 	 1.328379 	 3.274498 
4 	 20 	 1.328379 	 3.274498 
4 	 21 	 1.328379 	 3.274498 
4 	 22 	 1.328379 	 3.274498 
4 	 23 	 1.043151 	 3.105227 
4 	 24 	 1.043151 	 3.105227 
4 	 25 	 1.043151 	 3.105227 
5 	 6 	 1.757280 	 3.430851 
5 	 7 	 1.757280 	 3.430851 
5 	 8 	 1.757280 	 3.430851 
5 	 9 	 1.757280 	 3.430851 
5 	 10 	 1.757280 	 3.430851 
5 	 11 	 1.757280 	 3.430851 
5 	 12 	 1.757280 	 3.430851 
5 	 13 	 1.328379 	 3.274498 
5 	 14 	 1.328379 	 3.274498 
5 	 15 	 1.328379 	 3.274498 
5 	 16 	 1.328379 	 3.274498 
5 	 17 	 1.328379 	 3.274498 
5 	 18 	 1.328379 	 3.274498 
5 	 19 	 1.328379 	 3.274498 
5 	 20 	 1.328379 	 3.274498 
5 	 21 	 1.328379 	 3.274498 
5 	 22 	 1.328379 	 3.274498 
5 	 23 	 1.043151 	 3.105227 
5 	 24 	 1.043151 	 3.105227 
5 	 25 	 1.043151 	 3.105227 
6 	 7 	 1.757280 	 3.430851 
6 	 8 	 1.757280 	 3.430851 
6 	 9 	 1.757280 	 3.430851 
6 	 10 	 1.757280 	 3.430851 
6 	 11 	 1.757280 	 3.430851 
6 	 12 	 1.757280 	 3.430851 
6 	 13 	 1.328379 	 3.274498 
6 	 14 	 1.328379 	 3.274498 
6 	 15 	 1.328379 	 3.274498 
6 	 16 	 1.328379 	 3.274498 
6 	 17 	 1.328379 	 3.274498 
6 	 18 	 1.328379 	 3.274498 
6 	 19 	 1.328379 	 3.274498 
6 	 20 	 1.328379 	 3.274498 
6 	 21 	 1.328379 	 3.274498 
6 	 22 	 1.328379 	 3.274498 
6 	 23 	 1.043151 	 3.105227 
6 	 24 	 1.043151 	 3.105227 
6 	 25 	 1.043151 	 3.105227 
7 	 8 	 1.757280 	 3.430851 
7 	 9 	 1.757280 	 3.430851 
7 	 10 	 1.757280 	 3.430851 
7 	 11 	 1.757280 	 3.430851 
7 	 12 	 1.757280 	 3.430851 
7 	 13 	 1.328379 	 3.274498 
7 	 14 	 1.328379 	 3.274498 
7 	 15 	 1.328379 	 3.274498 
7 	 16 	 1.328379 	 3.274498 
7 	 17 	 1.328379 	 3.274498 
7 	 18 	 1.328379 	 3.274498 
7 	 19 	 1.328379 	 3.274498 
7 	 20 	 1.328379 	 3.274498 
7 	 21 	 1.328379 	 3.274498 
7 	 22 	 1.328379 	 3.274498 
7 	 23 	 1.043151 	 3.105227 
7 	 24 	 1.043151 	 3.105227 
7 	 25 	 1.043151 	 3.105227 
8 	 9 	 1.757280 	 3.430851 
8 	 10 	 1.757280 	 3.430851 
8 	 11 	 1.757280 	 3.430851 
8 	 12 	 1.757280 	 3.430851 
8 	 13 	 1.328379 	 3.274498 
8 	 14 	 1.328379 	 3.274498 
8 	 15 	 1.328379 	 3.274498 
8 	 16 	 1.328379 	 3.274498 
8 	 17 	 1.328379 	 3.274498 
8 	 18 	 1.328379 	 3.274498 
8 	 19 	 1.328379 	 3.274498 
8 	 20 	 1.328379 	 3.274498 
8 	 21 	 1.328379 	 3.274498 
8 	 22 	 1.328379 	 3.274498 
8 	 23 	 1.043151 	 3.105227 
8 	 24 	 1.043151 	 3.105227 
8 	 25 	 1.043151 	 3.105227 
9 	 10 	 1.757280 	 3.430851 
9 	 11 	 1.757280 	 3.430851 
9 	 12 	 1.757280 	 3.430851 
9 	 13 	 1.328379 	 3.274498 
9 	 14 	 1.328379 	 3.274498 
9 	 15 	 1.328379 	 3.274498 
9 	 16 	 1.328379 	 3.274498 
9 	 17 	 1.328379 	 3.274498 
9 	 18 	 1.328379 	 3.274498 
9 	 19 	 1.328379 	 3.274498 
9 	 20 	 1.328379 	 3.274498 
9 	 21 	 1.328379 	 3.274498 
9 	 22 	 1.328379 	 3.274498 
9 	 23 	 1.043151 	 3.105227 
9 	 24 	 1.043151 	 3.105227 
9 	 25 	 1.043151 	 3.105227 
10 	 11 	 1.757280 	 3.430851 
10 	 12 	 1.757280 	 3.430851 
10 	 13 	 1.328379 	 3.274498 
10 	 14 	 1.328379 	 3.274498 
10 	 15 	 1.328379 	 3.274498 
10 	 16 	 1.328379 	 3.274498 
10 	 17 	 1.328379 	 3.274498 
10 	 18 	 1.328379 	 3.274498 
10 	 19 	 1.328379 	 3.274498 
10 	 20 	 1.328379 	 3.274498 
10 	 21 	 1.328379 	 3.274498 
10 	 22 	 1.328379 	 3.274498 
10 	 23 	 1.043151 	 3.105227 
10 	 24 	 1.043151 	 3.105227 
10 	 25 	 1.043151 	 3.105227 
11 	 12 	 1.757280 	 3.430851 
11 	 13 	 1.328379 	 3.274498 
11 	 14 	 1.328379 	 3.274498 
11 	 15 	 1.328379 	 3.274498 
11 	 16 	 1.328379 	 3.274498 
11 	 17 	 1.328379 	 3.274498 
11 	 18 	 1.328379 	 3.274498 
11 	 19 	 1.328379 	 3.274498 
11 	 20 	 1.328379 	 3.274498 
11 	 21 	 1.328379 	 3.274498 
11 	 22 	 1.328379 	 3.274498 
11 	 23 	 1.043151 	 3.105227 
11 	 24 	 1.043151 	 3.105227 
11 	 25 	 1.043151 	 3.105227 
12 	 13 	 1.328379 	 3.274498 
12 	 14 	 1.328379 	 3.274498 
12 	 15 	 1.328379 	 3.274498 
12 	 16 	 1.328379 	 3.274498 
12 	 17 	 1.328379 	 3.274498 
12 	 18 	 1.328379 	 3.274498 
12 	 19 	 1.328379 	 3.274498 
12 	 20 	 1.328379 	 3.274498 
12 	 21 	 1.328379 	 3.274498 
12 	 22 	 1.328379 	 3.274498 
12 	 23 	 1.043151 	 3.105227 
12 	 24 	 1.043151 	 3.105227 
12 	 25 	 1.043151 	 3.105227 
13 	 14 	 1.004160 	 3.118146 
13 	 15 	 1.004160 	 3.118146 
13 	 16 	 1.004160 	 3.118146 
13 	 17 	 1.004160 	 3.118146 
13 	 18 	 1.004160 	 3.118146 
13 	 19 	 1.004160 	 3.118146 
13 	 20 	 1.004160 	 3.118146 
13 	 21 	 1.004160 	 3.118146 
13 	 22 	 1.004160 	 3.118146 
13 	 23 	 0.788548 	 2.948875 
13 	 24 	 0.788548 	 2.948875 
13 	 25 	 0.788548 	 2.948875 
14 	 15 	 1.004160 	 3.118146 
14 	 16 	 1.004160 	 3.118146 
14 	 17 	 1.004160 	 3.118146 
14 	 18 	 1.004160 	 3.118146 
14 	 19 	 1.004160 	 3.118146 
14 	 20 	 1.004160 	 3.118146 
14 	 21 	 1.004160 	 3.118146 
14 	 22 	 1.004160 	 3.118146 
14 	 23 	 0.788548 	 2.948875 
14 	 24 	 0.788548 	 2.948875 
14 	 25 	 0.788548 	 2.948875 
15 	 16 	 1.004160 	 3.118146 
15 	 17 	 1.004160 	 3.118146 
15 	 18 	 1.004160 	 3.118146 
15 	 19 	 1.004160 	 3.118146 
15 	 20 	 1.004160 	 3.118146 
15 	 21 	 1.004160 	 3.118146 
15 	 22 	 1.004160 	 3.118146 
15 	 23 	 0.788548 	 2.948875 
15 	 24 	 0.788548 	 2.948875 
15 	 25 	 0.788548 	 2.948875 
16 	 17 	 1.004160 	 3.118146 
16 	 18 	 1.004160 	 3.118146 
16 	 19 	 1.004160 	 3.118146 
16 	 20 	 1.004160 	 3.118146 
16 	 21 	 1.004160 	 3.118146 
16 	 22 	 1.004160 	 3.118146 
16 	 23 	 0.788548 	 2.948875 
16 	 24 	 0.788548 	 2.948875 
16 	 25 	 0.788548 	 2.948875 
17 	 18 	 1.004160 	 3.118146 
17 	 19 	 1.004160 	 3.118146 
17 	 20 	 1.004160 	 3.118146 
17 	 21 	 1.004160 	 3.118146 
17 	 22 	 1.004160 	 3.118146 
17 	 23 	 0.788548 	 2.948875 
17 	 24 	 0.788548 	 2.948875 
17 	 25 	 0.788548 	 2.948875 
18 	 19 	 1.004160 	 3.118146 
18 	 20 	 1.004160 	 3.118146 
18 	 21 	 1.004160 	 3.118146 
18 	 22 	 1.004160 	 3.118146 
18 	 23 	 0.788548 	 2.948875 
18 	 24 	 0.788548 	 2.948875 
18 	 25 	 0.788548 	 2.948875 
19 	 20 	 1.004160 	 3.118146 
19 	 21 	 1.004160 	 3.118146 
19 	 22 	 1.004160 	 3.118146 
19 	 23 	 0.788548 	 2.948875 
19 	 24 	 0.788548 	 2.948875 
19 	 25 	 0.788548 	 2.948875 
20 	 21 	 1.004160 	 3.118146 
20 	 22 	 1.004160 	 3.118146 
20 	 23 	 0.788548 	 2.948875 
20 	 24 	 0.788548 	 2.948875 
20 	 25 	 0.788548 	 2.948875 
21 	 22 	 1.004160 	 3.118146 
21 	 23 	 0.788548 	 2.948875 
21 	 24 	 0.788548 	 2.948875 
21 	 25 	 0.788548 	 2.948875 
22 	 23 	 0.788548 	 2.948875 
22 	 24 	 0.788548 	 2.948875 
22 	 25 	 0.788548 	 2.948875 
23 	 24 	 0.619232 	 2.779604 
23 	 25 	 0.619232 	 2.779604 
24 	 25 	 0.619232 	 2.779604 
end
