q      	cage        
0.005 	-12554.7    
0.015 	-12659.1    
0.025 	-12865.8    
0.035 	-13170.5    
0.045 	-13566.8    
0.055 	-14046.5    
0.065 	-14599.7    
0.075 	-15215.2    
0.085 	-15880.1    
0.095 	-16581.2    
0.105 	-17304.1    
0.115 	-18034.4    
0.125 	-18757.6    
0.135 	-19459.4    
0.145 	-20126.3    
0.155 	-20745.4    
0.165 	-21305.1    
0.175 	-21795.2    
0.185 	-22206.8    
0.195 	-22532.8    
0.205 	-22767.8    
0.215 	-22908.4    
0.225 	-22952.9    
0.235 	-22901.4    
0.245 	-22755.8    
0.255 	-22519.8    
0.265 	-22198.3    
0.275 	-21797.8    
0.285 	-21326      
0.295 	-20791.3    
0.305 	-20202.9    
0.315 	-19570.7    
0.325 	-18904.5    
0.335 	-18214.6    
0.345 	-17510.6    
0.355 	-16802.1    
0.365 	-16098.1    
0.375 	-15406.7    
0.385 	-14735.4    
0.395 	-14090.5    
0.405 	-13477.5    
0.415 	-12900.7    
0.425 	-12363.4    
0.435 	-11867.7    
0.445 	-11414.9    
0.455 	-11005.1    
0.465 	-10637.6    
0.475 	-10310.9    
0.485 	-10022.6    
0.495 	-9770.05    
0.505 	-9549.82    
0.515 	-9358.28    
0.525 	-9191.54    
0.535 	-9045.58    
0.545 	-8916.39    
0.555 	-8800.02    
0.565 	-8692.72    
0.575 	-8590.97    
0.585 	-8491.59    
0.595 	-8391.72    
0.605 	-8288.93    
0.615 	-8181.18    
0.625 	-8066.86    
0.635 	-7944.8     
0.645 	-7814.22    
0.655 	-7674.74    
0.665 	-7526.33    
0.675 	-7369.32    
0.685 	-7204.31    
0.695 	-7032.17    
0.705 	-6853.97    
0.715 	-6670.97    
0.725 	-6484.56    
0.735 	-6296.21    
0.745 	-6107.49    
0.755 	-5919.94    
0.765 	-5735.13    
0.775 	-5554.58    
0.785 	-5379.74    
0.795 	-5211.98    
0.805 	-5052.53    
0.815 	-4902.51    
0.825 	-4762.87    
0.835 	-4634.38    
0.845 	-4517.62    
0.855 	-4412.97    
0.865 	-4320.58    
0.875 	-4240.37    
0.885 	-4172.03    
0.895 	-4115       
0.905 	-4068.45    
0.915 	-4031.34    
0.925 	-4002.36    
0.935 	-3979.98    
0.945 	-3962.48    
0.955 	-3947.9     
0.965 	-3934.16    
0.975 	-3919.03    
0.985 	-3900.19    
0.995 	-3875.25    
1.005 	-3841.85    
1.015 	-3797.64    
1.025 	-3740.41    
1.035 	-3668.05    
1.045 	-3578.71    
1.055 	-3470.76    
1.065 	-3342.9     
1.075 	-3194.17    
1.085 	-3024.01    
1.095 	-2832.27    
1.105 	-2619.25    
1.115 	-2385.71    
1.125 	-2132.87    
1.135 	-1862.4     
1.145 	-1576.42    
1.155 	-1277.42    
1.165 	-968.27     
1.175 	-652.157    
1.185 	-332.507    
1.195 	-12.9345    
1.205 	302.839     
1.215 	611.058     
1.225 	908.016     
1.235 	1190.13     
1.245 	1454.04     
1.255 	1696.63     
1.265 	1915.17     
1.275 	2107.32     
1.285 	2271.21     
1.295 	2405.45     
1.305 	2509.19     
1.315 	2582.13     
1.325 	2624.5      
1.335 	2637.07     
1.345 	2621.12     
1.355 	2578.4      
1.365 	2511.09     
1.375 	2421.74     
1.385 	2313.19     
1.395 	2188.54     
1.405 	2051.02     
1.415 	1903.96     
1.425 	1750.68     
1.435 	1594.43     
1.445 	1438.31     
1.455 	1285.22     
1.465 	1137.79     
1.475 	998.323     
1.485 	868.766     
1.495 	750.686     
1.505 	645.247     
1.515 	553.208     
1.525 	474.923     
1.535 	410.366     
1.545 	359.149     
1.555 	320.564     
1.565 	293.621     
1.575 	277.099     
1.585 	269.593     
1.595 	269.576     
1.605 	275.449     
1.615 	285.593     
1.625 	298.429     
1.635 	312.455     
1.645 	326.296     
1.655 	338.735     
1.665 	348.742     
1.675 	355.494     
1.685 	358.39      
1.695 	357.05      
1.705 	351.317     
1.715 	341.242     
1.725 	327.071     
1.735 	309.215     
1.745 	288.23      
1.755 	264.781     
1.765 	239.61      
1.775 	213.505     
1.785 	187.261     
1.795 	161.652     
1.805 	137.399     
1.815 	115.146     
1.825 	95.4369     
1.835 	78.698      
1.845 	65.2275     
1.855 	55.1884     
1.865 	48.608      
1.875 	45.3819     
1.885 	45.2833     
1.895 	47.9763     
1.905 	53.033      
1.915 	59.9529     
1.925 	68.1851     
1.935 	77.1509     
1.945 	86.2665     
1.955 	94.9658     
1.965 	102.721     
1.975 	109.061     
1.985 	113.587     
1.995 	115.987     
2.005 	116.04      
2.015 	113.626     
2.025 	108.725     
2.035 	101.412     
2.045 	91.8556     
2.055 	80.3038     
2.065 	67.0747     
2.075 	52.5408     
2.085 	37.1134     
2.095 	21.2258     
2.105 	5.31585     
2.115 	-10.1903    
2.125 	-24.8941    
2.135 	-38.4391    
2.145 	-50.5222    
2.155 	-60.904     
2.165 	-69.4154    
2.175 	-75.9614    
2.185 	-80.5226    
2.195 	-83.153     
2.205 	-83.9758    
2.215 	-83.1757    
2.225 	-80.9905    
2.235 	-77.6998    
2.245 	-73.6129    
2.255 	-69.056     
2.265 	-64.3591    
2.275 	-59.8431    
2.285 	-55.8078    
2.295 	-52.5209    
2.305 	-50.2085    
2.315 	-49.048     
2.325 	-49.1622    
2.335 	-50.6166    
2.345 	-53.4182    
2.355 	-57.5167    
2.365 	-62.8087    
2.375 	-69.1425    
2.385 	-76.3254    
2.395 	-84.1323    
2.405 	-92.315     
2.415 	-100.612    
2.425 	-108.761    
2.435 	-116.504    
2.445 	-123.603    
2.455 	-129.843    
2.465 	-135.045    
2.475 	-139.066    
2.485 	-141.808    
2.495 	-143.219    
2.505 	-143.293    
2.515 	-142.068    
2.525 	-139.627    
2.535 	-136.092    
2.545 	-131.614    
2.555 	-126.374    
2.565 	-120.569    
2.575 	-114.408    
2.585 	-108.103    
2.595 	-101.857    
2.605 	-95.8637    
2.615 	-90.2937    
2.625 	-85.2928    
2.635 	-80.9755    
2.645 	-77.422     
2.655 	-74.6762    
2.665 	-72.745     
2.675 	-71.5991    
2.685 	-71.1753    
2.695 	-71.3801    
2.705 	-72.0938    
2.715 	-73.1765    
2.725 	-74.4735    
2.735 	-75.8225    
2.745 	-77.0595    
2.755 	-78.0257    
2.765 	-78.5739    
2.775 	-78.5733    
2.785 	-77.915     
2.795 	-76.5155    
2.805 	-74.3199    
2.815 	-71.3028    
2.825 	-67.4696    
2.835 	-62.8554    
2.845 	-57.5231    
2.855 	-51.561     
2.865 	-45.0788    
2.875 	-38.2032    
2.885 	-31.0731    
2.895 	-23.8344    
2.905 	-16.6342    
2.915 	-9.61595    
2.925 	-2.91408    
2.935 	3.35043     
2.945 	9.07408     
2.955 	14.174      
2.965 	18.5904     
2.975 	22.2877     
2.985 	25.2556     
2.995 	27.5079     
3.005 	29.0816     
3.015 	30.0345     
3.025 	30.4425     
3.035 	30.3957     
3.045 	29.9949     
3.055 	29.347      
3.065 	28.5608     
3.075 	27.7431     
3.085 	26.9939     
3.095 	26.4032     
3.105 	26.0478     
3.115 	25.9887     
3.125 	26.269      
3.135 	26.9129     
3.145 	27.9256     
3.155 	29.293      
3.165 	30.9836     
3.175 	32.9497     
3.185 	35.13       
3.195 	37.4524     
3.205 	39.8371     
3.215 	42.2002     
3.225 	44.4569     
3.235 	46.5251     
3.245 	48.3287     
3.255 	49.8003     
3.265 	50.8841     
3.275 	51.5374     
3.285 	51.7326     
3.295 	51.4577     
3.305 	50.7168     
3.315 	49.5292     
3.325 	47.9293     
3.335 	45.9641     
3.345 	43.6919     
3.355 	41.1797     
3.365 	38.5005     
3.375 	35.7308     
3.385 	32.9472     
3.395 	30.2241     
3.405 	27.6308     
3.415 	25.2291     
3.425 	23.0714     
3.435 	21.1989     
3.445 	19.6404     
3.455 	18.4119     
3.465 	17.5163     
3.475 	16.9436     
3.485 	16.6718     
3.495 	16.6684     
3.505 	16.8918     
3.515 	17.2932     
3.525 	17.819      
3.535 	18.413      
3.545 	19.0184     
3.555 	19.5807     
3.565 	20.0491     
3.575 	20.3791     
3.585 	20.5337     
3.595 	20.4845     
3.605 	20.2132     
3.615 	19.7113     
3.625 	18.9809     
3.635 	18.0337     
3.645 	16.8906     
3.655 	15.5804     
3.665 	14.1385     
3.675 	12.6054     
3.685 	11.0244     
3.695 	9.4405      
3.705 	7.89766     
3.715 	6.43755     
3.725 	5.09763     
3.735 	3.9097      
3.745 	2.89863     
3.755 	2.0815      
3.765 	1.46695     
3.775 	1.05492     
3.785 	0.836853    
3.795 	0.79604     
3.805 	0.908474    
3.815 	1.14388     
3.825 	1.46704     
3.835 	1.83925     
3.845 	2.21992     
3.855 	2.56827     
3.865 	2.84495     
3.875 	3.01361     
3.885 	3.04235     
3.895 	2.90496     
3.905 	2.58192     
3.915 	2.06115     
3.925 	1.33842     
3.935 	0.417485    
3.945 	-0.690078   
3.955 	-1.9654     
3.965 	-3.38305    
3.975 	-4.91206    
3.985 	-6.51716    
3.995 	-8.16007    
4.005 	-9.80103    
4.015 	-11.4003    
4.025 	-12.9195    
4.035 	-14.3232    
4.045 	-15.5802    
4.055 	-16.6644    
4.065 	-17.556     
4.075 	-18.2418    
4.085 	-18.716     
4.095 	-18.9798    
4.105 	-19.0416    
4.115 	-18.9166    
4.125 	-18.6257    
4.135 	-18.195     
4.145 	-17.6547    
4.155 	-17.0377    
4.165 	-16.3783    
4.175 	-15.7112    
4.185 	-15.0697    
4.195 	-14.4851    
4.205 	-13.9849    
4.215 	-13.5922    
4.225 	-13.325     
4.235 	-13.1954    
4.245 	-13.2093    
4.255 	-13.3662    
4.265 	-13.6598    
4.275 	-14.0777    
4.285 	-14.6026    
4.295 	-15.2126    
4.305 	-15.8823    
4.315 	-16.5839    
4.325 	-17.2881    
4.335 	-17.9656    
4.345 	-18.5877    
4.355 	-19.1278    
4.365 	-19.5622    
4.375 	-19.8708    
4.385 	-20.038     
4.395 	-20.0533    
4.405 	-19.911     
4.415 	-19.6109    
4.425 	-19.1581    
4.435 	-18.5622    
4.445 	-17.8375    
4.455 	-17.0019    
4.465 	-16.0761    
4.475 	-15.0831    
4.485 	-14.0469    
4.495 	-12.9916    
4.505 	-11.9409    
4.515 	-10.9165    
4.525 	-9.93779    
4.535 	-9.02111    
4.545 	-8.17908    
4.555 	-7.42026    
4.565 	-6.74895    
4.575 	-6.16511    
4.585 	-5.66454    
4.595 	-5.23913    
4.605 	-4.8773     
4.615 	-4.56462    
4.625 	-4.28445    
4.635 	-4.01868    
4.645 	-3.7486     
4.655 	-3.45563    
4.665 	-3.12219    
4.675 	-2.73239    
4.685 	-2.27272    
4.695 	-1.7326     
4.705 	-1.10484    
4.715 	-0.385927   
4.725 	0.423842    
4.735 	1.32033     
4.745 	2.29573     
4.755 	3.33887     
4.765 	4.43561     
4.775 	5.56938     
4.785 	6.72183     
4.795 	7.87348     
4.805 	9.00443     
4.815 	10.0951     
4.825 	11.127      
4.835 	12.0833     
4.845 	12.9493     
4.855 	13.7132     
4.865 	14.3663     
4.875 	14.9032     
4.885 	15.322      
4.895 	15.6245     
4.905 	15.8155     
4.915 	15.9031     
4.925 	15.898      
4.935 	15.8131     
4.945 	15.6631     
4.955 	15.4636     
4.965 	15.2306     
4.975 	14.9801     
4.985 	14.7272     
4.995 	14.4855     
5.005 	14.2669     
5.015 	14.0808     
5.025 	13.9342     
5.035 	13.8312     
5.045 	13.7727     
5.055 	13.7572     
5.065 	13.7801     
5.075 	13.8343     
5.085 	13.9106     
5.095 	13.9981     
5.105 	14.0843     
5.115 	14.1564     
5.125 	14.2011     
5.135 	14.2054     
5.145 	14.1574     
5.155 	14.0464     
5.165 	13.8634     
5.175 	13.6017     
5.185 	13.2569     
5.195 	12.8271     
5.205 	12.3131     
5.215 	11.7184     
5.225 	11.0488     
5.235 	10.3124     
5.245 	9.51919     
5.255 	8.68073     
5.265 	7.80975     
5.275 	6.91963     
5.285 	6.02393     
5.295 	5.13594     
5.305 	4.26821     
5.315 	3.43212     
5.325 	2.63754     
5.335 	1.89253     
5.345 	1.20309     
5.355 	0.573067    
5.365 	0.00404574  
5.375 	-0.504563   
5.385 	-0.955429   
5.395 	-1.3531     
5.405 	-1.70375    
5.415 	-2.01482    
5.425 	-2.29469    
5.435 	-2.5523     
5.445 	-2.7967     
5.455 	-3.03669    
5.465 	-3.28043    
5.475 	-3.5351     
5.485 	-3.80664    
5.495 	-4.09944    
5.505 	-4.41625    
5.515 	-4.75806    
5.525 	-5.12406    
5.535 	-5.51173    
5.545 	-5.91693    
5.555 	-6.33411    
5.565 	-6.75656    
5.575 	-7.17667    
5.585 	-7.58629    
5.595 	-7.97704    
5.605 	-8.34067    
5.615 	-8.6694     
5.625 	-8.95621    
5.635 	-9.19514    
5.645 	-9.38152    
5.655 	-9.51213    
5.665 	-9.58536    
5.675 	-9.6012     
5.685 	-9.5613     
5.695 	-9.46884    
5.705 	-9.32842    
5.715 	-9.14587    
5.725 	-8.928      
5.735 	-8.68234    
5.745 	-8.41685    
5.755 	-8.13962    
5.765 	-7.85854    
5.775 	-7.58103    
5.785 	-7.31376    
5.795 	-7.06241    
5.805 	-6.83149    
5.815 	-6.62421    
5.825 	-6.44237    
5.835 	-6.28633    
5.845 	-6.15506    
5.855 	-6.04623    
5.865 	-5.95629    
5.875 	-5.88075    
5.885 	-5.81428    
5.895 	-5.75108    
5.905 	-5.68504    
5.915 	-5.61006    
5.925 	-5.52032    
5.935 	-5.41053    
5.945 	-5.27611    
5.955 	-5.11345    
5.965 	-4.92003    
5.975 	-4.69451    
5.985 	-4.4368     
5.995 	-4.14809    
6.005 	-3.83075    
6.015 	-3.48828    
6.025 	-3.12513    
6.035 	-2.74656    
6.045 	-2.35843    
6.055 	-1.96694    
6.065 	-1.57841    
6.075 	-1.19906    
6.085 	-0.834738   
6.095 	-0.490727   
6.105 	-0.171549   
6.115 	0.119195    
6.125 	0.37894     
6.135 	0.606236    
6.145 	0.800778    
6.155 	0.96339     
6.165 	1.09596     
6.175 	1.20135     
6.185 	1.28323     
6.195 	1.34595     
6.205 	1.39431     
6.215 	1.43336     
6.225 	1.46819     
6.235 	1.50371     
6.245 	1.54446     
6.255 	1.59441     
6.265 	1.65682     
6.275 	1.73409     
6.285 	1.82769     
6.295 	1.93813     
6.305 	2.06489     
6.315 	2.20653     
6.325 	2.36071     
6.335 	2.52435     
6.345 	2.69369     
6.355 	2.86454     
6.365 	3.03241     
6.375 	3.19274     
6.385 	3.34105     
6.395 	3.47316     
6.405 	3.58536     
6.415 	3.67456     
6.425 	3.73841     
6.435 	3.77541     
6.445 	3.78497     
6.455 	3.7674      
6.465 	3.72394     
6.475 	3.65666     
6.485 	3.56842     
6.495 	3.46271     
6.505 	3.34354     
6.515 	3.21526     
6.525 	3.08235     
6.535 	2.94932     
6.545 	2.82046     
6.555 	2.69969     
6.565 	2.59044     
6.575 	2.49546     
6.585 	2.41676     
6.595 	2.35555     
6.605 	2.31217     
6.615 	2.28608     
6.625 	2.27597     
6.635 	2.27972     
6.645 	2.2946      
6.655 	2.31732     
6.665 	2.34423     
6.675 	2.37146     
6.685 	2.39506     
6.695 	2.41122     
6.705 	2.41643     
6.715 	2.40757     
6.725 	2.38213     
6.735 	2.33826     
6.745 	2.27486     
6.755 	2.19165     
6.765 	2.08916     
6.775 	1.96872     
6.785 	1.8324      
6.795 	1.68296     
6.805 	1.52369     
6.815 	1.3583      
6.825 	1.19078     
6.835 	1.02522     
6.845 	0.865648    
6.855 	0.715876    
6.865 	0.579334    
6.875 	0.458937    
6.885 	0.356964    
6.895 	0.27497     
6.905 	0.21372     
6.915 	0.173157    
6.925 	0.152412    
6.935 	0.14983     
6.945 	0.163046    
6.955 	0.189077    
6.965 	0.224445    
6.975 	0.265316    
6.985 	0.307659    
6.995 	0.347407    
7.005 	0.380624    
7.015 	0.403663    
7.025 	0.413316    
7.035 	0.406945    
7.045 	0.382589    
7.055 	0.339042    
7.065 	0.275911    
7.075 	0.193628    
7.085 	0.0934349   
7.095 	-0.0226593  
7.105 	-0.15196    
7.115 	-0.291192   
7.125 	-0.436625   
7.135 	-0.584226   
7.145 	-0.729811   
7.155 	-0.869217   
7.165 	-0.998462   
7.175 	-1.1139     
7.185 	-1.21238    
7.195 	-1.29135    
7.205 	-1.34897    
7.215 	-1.38419    
7.225 	-1.39677    
7.235 	-1.38732    
7.245 	-1.35727    
7.255 	-1.30881    
7.265 	-1.24478    
7.275 	-1.16862    
7.285 	-1.08419    
7.295 	-0.995631   
7.305 	-0.907211   
7.315 	-0.823159   
7.325 	-0.747499   
7.335 	-0.683895   
7.345 	-0.63551    
7.355 	-0.604885   
7.365 	-0.593842   
7.375 	-0.60341    
7.385 	-0.633791   
7.395 	-0.68435    
7.405 	-0.75364    
7.415 	-0.839459   
7.425 	-0.938932   
7.435 	-1.04863    
7.445 	-1.16468    
7.455 	-1.28294    
7.465 	-1.39914    
7.475 	-1.50904    
7.485 	-1.60862    
7.495 	-1.69418    
7.505 	-1.76251    
7.515 	-1.81103    
7.525 	-1.83782    
7.535 	-1.84176    
7.545 	-1.82251    
7.555 	-1.78056    
7.565 	-1.71718    
7.575 	-1.63437    
7.585 	-1.5348     
7.595 	-1.42166    
7.605 	-1.2986     
7.615 	-1.16954    
7.625 	-1.03851    
7.635 	-0.909567   
7.645 	-0.786562   
7.655 	-0.673049   
7.665 	-0.572137   
7.675 	-0.486379   
7.685 	-0.417688   
7.695 	-0.367269   
7.705 	-0.335584   
7.715 	-0.322347   
7.725 	-0.326544   
7.735 	-0.346484   
7.745 	-0.379874   
7.755 	-0.423916   
7.765 	-0.47542    
7.775 	-0.53094    
7.785 	-0.586906   
7.795 	-0.639765   
7.805 	-0.686124   
7.815 	-0.722875   
7.825 	-0.747314   
7.835 	-0.757244   
7.845 	-0.75105    
7.855 	-0.727759   
7.865 	-0.687066   
7.875 	-0.629339   
7.885 	-0.555596   
7.895 	-0.467457   
7.905 	-0.367071   
7.915 	-0.257029   
7.925 	-0.140253   
7.935 	-0.0198798  
7.945 	0.100863    
7.955 	0.218786    
7.965 	0.33086     
7.975 	0.434333    
7.985 	0.526828    
7.995 	0.606434    
8.005 	0.67177     
8.015 	0.722027    
8.025 	0.756988    
8.035 	0.777028    
8.045 	0.783079    
8.055 	0.776584    
8.065 	0.759428    
8.075 	0.733843    
8.085 	0.702315    
8.095 	0.667472    
8.105 	0.631967    
8.115 	0.598367    
8.125 	0.569044    
8.135 	0.546073    
8.145 	0.531149    
8.155 	0.525516    
8.165 	0.529916    
8.175 	0.544563    
8.185 	0.569136    
8.195 	0.602795    
8.205 	0.64422     
8.215 	0.69167     
8.225 	0.743058    
8.235 	0.796042    
8.245 	0.848129    
8.255 	0.896778    
8.265 	0.939511    
8.275 	0.974023    
8.285 	0.99828     
8.295 	1.01061     
8.305 	1.00976     
8.315 	0.995007    
8.325 	0.966118    
8.335 	0.923425    
8.345 	0.867794    
8.355 	0.800601    
8.365 	0.723683    
8.375 	0.639267    
8.385 	0.549891    
8.395 	0.4583      
8.405 	0.367348    
8.415 	0.27988     
8.425 	0.198625    
8.435 	0.126089    
8.445 	0.0644559   
8.455 	0.0155007   
8.465 	-0.0194795  
8.475 	-0.0397181  
8.485 	-0.0450098  
8.495 	-0.0357202  
8.505 	-0.0127724  
8.515 	0.0223876   
8.525 	0.0678464   
8.535 	0.121297    
8.545 	0.180127    
8.555 	0.241521    
8.565 	0.302571    
8.575 	0.360385    
8.585 	0.412204    
8.595 	0.45551     
8.605 	0.488118    
8.615 	0.508271    
8.625 	0.514702    
8.635 	0.506685    
8.645 	0.484068    
8.655 	0.447279    
8.665 	0.397307    
8.675 	0.335671    
8.685 	0.264358    
8.695 	0.185752    
8.705 	0.10254     
8.715 	0.0176096   
8.725 	-0.0660583  
8.735 	-0.145506   
8.745 	-0.21791    
8.755 	-0.280692   
8.765 	-0.331615   
8.775 	-0.36887    
8.785 	-0.391148   
8.795 	-0.397686   
8.805 	-0.388304   
8.815 	-0.363408   
8.825 	-0.323977   
8.835 	-0.271533   
8.845 	-0.208079   
8.855 	-0.136029   
8.865 	-0.05812    
8.875 	0.0226902   
8.885 	0.10333     
8.895 	0.180727    
8.905 	0.25192     
8.915 	0.314166    
8.925 	0.365039    
8.935 	0.40252     
8.945 	0.425061    
8.955 	0.43165     
8.965 	0.421834    
8.975 	0.395738    
8.985 	0.354057    
8.995 	0.298022    
9.005 	0.229357    
9.015 	0.150211    
9.025 	0.0630745   
9.035 	-0.0293096  
9.045 	-0.12405    
9.055 	-0.218211   
9.065 	-0.308919   
9.075 	-0.393465   
9.085 	-0.469398   
9.095 	-0.534612   
9.105 	-0.587415   
9.115 	-0.626583   
9.125 	-0.651394   
9.135 	-0.66165    
9.145 	-0.65767    
9.155 	-0.640268   
9.165 	-0.610716   
9.175 	-0.570683   
9.185 	-0.52217    
9.195 	-0.467422   
9.205 	-0.408844   
9.215 	-0.348903   
9.225 	-0.290036   
9.235 	-0.234557   
9.245 	-0.18457    
9.255 	-0.141896   
9.265 	-0.108008   
9.275 	-0.0839809  
9.285 	-0.0704581  
9.295 	-0.0676375  
9.305 	-0.0752719  
9.315 	-0.0926878  
9.325 	-0.118821   
9.335 	-0.152265   
9.345 	-0.191336   
9.355 	-0.234141   
9.365 	-0.27866    
9.375 	-0.322826   
9.385 	-0.364611   
9.395 	-0.402104   
9.405 	-0.433587   
9.415 	-0.457601   
9.425 	-0.472998   
9.435 	-0.478987   
9.445 	-0.475159   
9.455 	-0.461498   
9.465 	-0.438376   
9.475 	-0.406539   
9.485 	-0.367067   
9.495 	-0.321333   
9.505 	-0.270942   
9.515 	-0.217668   
9.525 	-0.163381   
9.535 	-0.109974   
9.545 	-0.0592873  
9.555 	-0.013039   
9.565 	0.027242    
9.575 	0.0602732   
9.585 	0.0850651   
9.595 	0.100956    
9.605 	0.107637    
9.615 	0.105154    
9.625 	0.0939071   
9.635 	0.0746301   
9.645 	0.0483562   
9.655 	0.0163763   
9.665 	-0.0198138  
9.675 	-0.0585735  
9.685 	-0.0981821  
9.695 	-0.136905   
9.705 	-0.173059   
9.715 	-0.205078   
9.725 	-0.231567   
9.735 	-0.251355   
9.745 	-0.263532   
9.755 	-0.267484   
9.765 	-0.262902   
9.775 	-0.249797   
9.785 	-0.228485   
9.795 	-0.199572   
9.805 	-0.163924   
9.815 	-0.122626   
9.825 	-0.0769371  
9.835 	-0.0282356  
9.845 	0.0220351   
9.855 	0.0724255   
9.865 	0.121535    
9.875 	0.168067    
9.885 	0.210873    
9.895 	0.248996    
9.905 	0.281701    
9.915 	0.308494    
9.925 	0.329137    
9.935 	0.343648    
9.945 	0.352285    
9.955 	0.355534    
9.965 	0.354074    
9.975 	0.34874     
9.985 	0.340485    
9.995 	0.330327    