#MD input file for simulation of Os3CO12 in Cyclohexane
#Structure
Cyclohexane 512
#Pair_number	X	Y	Z	Mass(a.u)	Charge(C)	Atom_name
1	0.000000	0.000000	0.000000	12.010000	-0.120000	C_99
1	0.000000	0.000000	1.526000
1	1.438471	0.000000	2.035389
1	2.158728	1.245752	1.527446
1	2.160261	1.246637	0.001447
1	0.719235	1.245752	-0.509389
2	0.719235	1.245752	-1.599389	1.007870	0.060000	H_99
2	0.205861	2.136207	-0.146572
2	2.674002	0.356815	-0.362403
2	2.674731	2.136460	-0.361370
2	1.645354	2.136207	1.890263
2	3.186207	1.245752	1.891295
2	1.952940	-0.889823	1.672572
2	1.438471	-0.000000	3.125389
2	-0.513740	0.889823	1.889849
2	-0.513740	-0.889823	1.889849
2	0.513740	-0.889823	-0.363849
2	-1.027479	-0.000000	-0.363849
Os3CO12 1
27	-0.041000	-1.693000	0.000000	190.200000	-1.334680	Os_1
28	1.478000	0.810000	0.000000	190.200000	-1.334350	Os_2
29	-1.438000	0.880000	0.000000	190.200000	-1.334350	Os_3
3	-0.040000	-1.669000	1.947000	12.010000	0.757570	C_1
7	-0.040000	-1.669000	-1.947000	12.010000	0.757570	C_2
8	-1.543000	-2.861000	0.000000	12.010000	0.780580	C_3
9	1.405000	-2.931000	0.000000	12.010000	0.780580	C_4
10	1.463000	0.797000	1.947000	12.010000	0.757520	C_5
11	1.463000	0.797000	-1.947000	12.010000	0.757520	C_6
12	3.246000	0.101000	0.000000	12.010000	0.780560	C_7
13	1.810000	2.684000	0.000000	12.010000	0.780600	C_8
14	-1.423000	0.867000	1.947000	12.010000	0.757520	C_9
4	-1.423000	0.867000	-1.947000	12.010000	0.757520	C_10
5	-1.679000	2.768000	0.000000	12.010000	0.780600	C_11
6	-3.238000	0.258000	0.000000	12.010000	0.780560	C_12
15	-0.043000	-1.760000	3.081000	16.000000	-0.441920	O_1
19	-0.043000	-1.760000	-3.081000	16.000000	-0.441920	O_2
20	-2.431000	-3.578000	0.000000	16.000000	-0.428890	O_3
21	2.258000	-3.688000	0.000000	16.000000	-0.428890	O_4
22	1.549000	0.842000	3.080000	16.000000	-0.441980	O_5
23	1.549000	0.842000	-3.080000	16.000000	-0.441980	O_6
24	4.312000	-0.305000	0.000000	16.000000	-0.428920	O_7
25	2.026000	3.804000	0.000000	16.000000	-0.428970	O_8
26	-1.506000	0.915000	3.081000	16.000000	-0.441980	O_9
16	-1.506000	0.915000	-3.081000	16.000000	-0.441980	O_10
17	-1.841000	3.897000	0.000000	16.000000	-0.428970	O_11
18	-4.322000	-0.094000	0.000000	16.000000	-0.428920	O_12
end
Lennard-Jones
1 	 1 	 1.196000 	 3.280000 
2 	 2 	 0.756000 	 2.580000 
3 	 3 	 1.757280 	 3.430851 
4 	 4 	 1.757280 	 3.430851 
5 	 5 	 1.757280 	 3.430851 
6 	 6 	 1.757280 	 3.430851 
7 	 7 	 1.757280 	 3.430851 
8 	 8 	 1.757280 	 3.430851 
9 	 9 	 1.757280 	 3.430851 
10 	 10 	 1.757280 	 3.430851 
11 	 11 	 1.757280 	 3.430851 
12 	 12 	 1.757280 	 3.430851 
13 	 13 	 1.757280 	 3.430851 
14 	 14 	 1.757280 	 3.430851 
15 	 15 	 1.004160 	 3.118146 
16 	 16 	 1.004160 	 3.118146 
17 	 17 	 1.004160 	 3.118146 
18 	 18 	 1.004160 	 3.118146 
19 	 19 	 1.004160 	 3.118146 
20 	 20 	 1.004160 	 3.118146 
21 	 21 	 1.004160 	 3.118146 
22 	 22 	 1.004160 	 3.118146 
23 	 23 	 1.004160 	 3.118146 
24 	 24 	 1.004160 	 3.118146 
25 	 25 	 1.004160 	 3.118146 
26 	 26 	 1.004160 	 3.118146 
27 	 27 	 0.619232 	 2.779604 
28 	 28 	 0.619232 	 2.779604 
29 	 29 	 0.619232 	 2.779604 
1 	 2 	 0.950882 	 2.930000 
1 	 3 	 1.449726 	 3.355425 
1 	 4 	 1.449726 	 3.355425 
1 	 5 	 1.449726 	 3.355425 
1 	 6 	 1.449726 	 3.355425 
1 	 7 	 1.449726 	 3.355425 
1 	 8 	 1.449726 	 3.355425 
1 	 9 	 1.449726 	 3.355425 
1 	 10 	 1.449726 	 3.355425 
1 	 11 	 1.449726 	 3.355425 
1 	 12 	 1.449726 	 3.355425 
1 	 13 	 1.449726 	 3.355425 
1 	 14 	 1.449726 	 3.355425 
1 	 15 	 1.095890 	 3.199073 
1 	 16 	 1.095890 	 3.199073 
1 	 17 	 1.095890 	 3.199073 
1 	 18 	 1.095890 	 3.199073 
1 	 19 	 1.095890 	 3.199073 
1 	 20 	 1.095890 	 3.199073 
1 	 21 	 1.095890 	 3.199073 
1 	 22 	 1.095890 	 3.199073 
1 	 23 	 1.095890 	 3.199073 
1 	 24 	 1.095890 	 3.199073 
1 	 25 	 1.095890 	 3.199073 
1 	 26 	 1.095890 	 3.199073 
1 	 27 	 0.860582 	 3.029802 
1 	 28 	 0.860582 	 3.029802 
1 	 29 	 0.860582 	 3.029802 
2 	 3 	 1.152607 	 3.005425 
2 	 4 	 1.152607 	 3.005425 
2 	 5 	 1.152607 	 3.005425 
2 	 6 	 1.152607 	 3.005425 
2 	 7 	 1.152607 	 3.005425 
2 	 8 	 1.152607 	 3.005425 
2 	 9 	 1.152607 	 3.005425 
2 	 10 	 1.152607 	 3.005425 
2 	 11 	 1.152607 	 3.005425 
2 	 12 	 1.152607 	 3.005425 
2 	 13 	 1.152607 	 3.005425 
2 	 14 	 1.152607 	 3.005425 
2 	 15 	 0.871289 	 2.849073 
2 	 16 	 0.871289 	 2.849073 
2 	 17 	 0.871289 	 2.849073 
2 	 18 	 0.871289 	 2.849073 
2 	 19 	 0.871289 	 2.849073 
2 	 20 	 0.871289 	 2.849073 
2 	 21 	 0.871289 	 2.849073 
2 	 22 	 0.871289 	 2.849073 
2 	 23 	 0.871289 	 2.849073 
2 	 24 	 0.871289 	 2.849073 
2 	 25 	 0.871289 	 2.849073 
2 	 26 	 0.871289 	 2.849073 
2 	 27 	 0.684207 	 2.679802 
2 	 28 	 0.684207 	 2.679802 
2 	 29 	 0.684207 	 2.679802 
3 	 4 	 1.757280 	 3.430851 
3 	 5 	 1.757280 	 3.430851 
3 	 6 	 1.757280 	 3.430851 
3 	 7 	 1.757280 	 3.430851 
3 	 8 	 1.757280 	 3.430851 
3 	 9 	 1.757280 	 3.430851 
3 	 10 	 1.757280 	 3.430851 
3 	 11 	 1.757280 	 3.430851 
3 	 12 	 1.757280 	 3.430851 
3 	 13 	 1.757280 	 3.430851 
3 	 14 	 1.757280 	 3.430851 
3 	 15 	 1.328379 	 3.274498 
3 	 16 	 1.328379 	 3.274498 
3 	 17 	 1.328379 	 3.274498 
3 	 18 	 1.328379 	 3.274498 
3 	 19 	 1.328379 	 3.274498 
3 	 20 	 1.328379 	 3.274498 
3 	 21 	 1.328379 	 3.274498 
3 	 22 	 1.328379 	 3.274498 
3 	 23 	 1.328379 	 3.274498 
3 	 24 	 1.328379 	 3.274498 
3 	 25 	 1.328379 	 3.274498 
3 	 26 	 1.328379 	 3.274498 
3 	 27 	 1.043151 	 3.105227 
3 	 28 	 1.043151 	 3.105227 
3 	 29 	 1.043151 	 3.105227 
4 	 5 	 1.757280 	 3.430851 
4 	 6 	 1.757280 	 3.430851 
4 	 7 	 1.757280 	 3.430851 
4 	 8 	 1.757280 	 3.430851 
4 	 9 	 1.757280 	 3.430851 
4 	 10 	 1.757280 	 3.430851 
4 	 11 	 1.757280 	 3.430851 
4 	 12 	 1.757280 	 3.430851 
4 	 13 	 1.757280 	 3.430851 
4 	 14 	 1.757280 	 3.430851 
4 	 15 	 1.328379 	 3.274498 
4 	 16 	 1.328379 	 3.274498 
4 	 17 	 1.328379 	 3.274498 
4 	 18 	 1.328379 	 3.274498 
4 	 19 	 1.328379 	 3.274498 
4 	 20 	 1.328379 	 3.274498 
4 	 21 	 1.328379 	 3.274498 
4 	 22 	 1.328379 	 3.274498 
4 	 23 	 1.328379 	 3.274498 
4 	 24 	 1.328379 	 3.274498 
4 	 25 	 1.328379 	 3.274498 
4 	 26 	 1.328379 	 3.274498 
4 	 27 	 1.043151 	 3.105227 
4 	 28 	 1.043151 	 3.105227 
4 	 29 	 1.043151 	 3.105227 
5 	 6 	 1.757280 	 3.430851 
5 	 7 	 1.757280 	 3.430851 
5 	 8 	 1.757280 	 3.430851 
5 	 9 	 1.757280 	 3.430851 
5 	 10 	 1.757280 	 3.430851 
5 	 11 	 1.757280 	 3.430851 
5 	 12 	 1.757280 	 3.430851 
5 	 13 	 1.757280 	 3.430851 
5 	 14 	 1.757280 	 3.430851 
5 	 15 	 1.328379 	 3.274498 
5 	 16 	 1.328379 	 3.274498 
5 	 17 	 1.328379 	 3.274498 
5 	 18 	 1.328379 	 3.274498 
5 	 19 	 1.328379 	 3.274498 
5 	 20 	 1.328379 	 3.274498 
5 	 21 	 1.328379 	 3.274498 
5 	 22 	 1.328379 	 3.274498 
5 	 23 	 1.328379 	 3.274498 
5 	 24 	 1.328379 	 3.274498 
5 	 25 	 1.328379 	 3.274498 
5 	 26 	 1.328379 	 3.274498 
5 	 27 	 1.043151 	 3.105227 
5 	 28 	 1.043151 	 3.105227 
5 	 29 	 1.043151 	 3.105227 
6 	 7 	 1.757280 	 3.430851 
6 	 8 	 1.757280 	 3.430851 
6 	 9 	 1.757280 	 3.430851 
6 	 10 	 1.757280 	 3.430851 
6 	 11 	 1.757280 	 3.430851 
6 	 12 	 1.757280 	 3.430851 
6 	 13 	 1.757280 	 3.430851 
6 	 14 	 1.757280 	 3.430851 
6 	 15 	 1.328379 	 3.274498 
6 	 16 	 1.328379 	 3.274498 
6 	 17 	 1.328379 	 3.274498 
6 	 18 	 1.328379 	 3.274498 
6 	 19 	 1.328379 	 3.274498 
6 	 20 	 1.328379 	 3.274498 
6 	 21 	 1.328379 	 3.274498 
6 	 22 	 1.328379 	 3.274498 
6 	 23 	 1.328379 	 3.274498 
6 	 24 	 1.328379 	 3.274498 
6 	 25 	 1.328379 	 3.274498 
6 	 26 	 1.328379 	 3.274498 
6 	 27 	 1.043151 	 3.105227 
6 	 28 	 1.043151 	 3.105227 
6 	 29 	 1.043151 	 3.105227 
7 	 8 	 1.757280 	 3.430851 
7 	 9 	 1.757280 	 3.430851 
7 	 10 	 1.757280 	 3.430851 
7 	 11 	 1.757280 	 3.430851 
7 	 12 	 1.757280 	 3.430851 
7 	 13 	 1.757280 	 3.430851 
7 	 14 	 1.757280 	 3.430851 
7 	 15 	 1.328379 	 3.274498 
7 	 16 	 1.328379 	 3.274498 
7 	 17 	 1.328379 	 3.274498 
7 	 18 	 1.328379 	 3.274498 
7 	 19 	 1.328379 	 3.274498 
7 	 20 	 1.328379 	 3.274498 
7 	 21 	 1.328379 	 3.274498 
7 	 22 	 1.328379 	 3.274498 
7 	 23 	 1.328379 	 3.274498 
7 	 24 	 1.328379 	 3.274498 
7 	 25 	 1.328379 	 3.274498 
7 	 26 	 1.328379 	 3.274498 
7 	 27 	 1.043151 	 3.105227 
7 	 28 	 1.043151 	 3.105227 
7 	 29 	 1.043151 	 3.105227 
8 	 9 	 1.757280 	 3.430851 
8 	 10 	 1.757280 	 3.430851 
8 	 11 	 1.757280 	 3.430851 
8 	 12 	 1.757280 	 3.430851 
8 	 13 	 1.757280 	 3.430851 
8 	 14 	 1.757280 	 3.430851 
8 	 15 	 1.328379 	 3.274498 
8 	 16 	 1.328379 	 3.274498 
8 	 17 	 1.328379 	 3.274498 
8 	 18 	 1.328379 	 3.274498 
8 	 19 	 1.328379 	 3.274498 
8 	 20 	 1.328379 	 3.274498 
8 	 21 	 1.328379 	 3.274498 
8 	 22 	 1.328379 	 3.274498 
8 	 23 	 1.328379 	 3.274498 
8 	 24 	 1.328379 	 3.274498 
8 	 25 	 1.328379 	 3.274498 
8 	 26 	 1.328379 	 3.274498 
8 	 27 	 1.043151 	 3.105227 
8 	 28 	 1.043151 	 3.105227 
8 	 29 	 1.043151 	 3.105227 
9 	 10 	 1.757280 	 3.430851 
9 	 11 	 1.757280 	 3.430851 
9 	 12 	 1.757280 	 3.430851 
9 	 13 	 1.757280 	 3.430851 
9 	 14 	 1.757280 	 3.430851 
9 	 15 	 1.328379 	 3.274498 
9 	 16 	 1.328379 	 3.274498 
9 	 17 	 1.328379 	 3.274498 
9 	 18 	 1.328379 	 3.274498 
9 	 19 	 1.328379 	 3.274498 
9 	 20 	 1.328379 	 3.274498 
9 	 21 	 1.328379 	 3.274498 
9 	 22 	 1.328379 	 3.274498 
9 	 23 	 1.328379 	 3.274498 
9 	 24 	 1.328379 	 3.274498 
9 	 25 	 1.328379 	 3.274498 
9 	 26 	 1.328379 	 3.274498 
9 	 27 	 1.043151 	 3.105227 
9 	 28 	 1.043151 	 3.105227 
9 	 29 	 1.043151 	 3.105227 
10 	 11 	 1.757280 	 3.430851 
10 	 12 	 1.757280 	 3.430851 
10 	 13 	 1.757280 	 3.430851 
10 	 14 	 1.757280 	 3.430851 
10 	 15 	 1.328379 	 3.274498 
10 	 16 	 1.328379 	 3.274498 
10 	 17 	 1.328379 	 3.274498 
10 	 18 	 1.328379 	 3.274498 
10 	 19 	 1.328379 	 3.274498 
10 	 20 	 1.328379 	 3.274498 
10 	 21 	 1.328379 	 3.274498 
10 	 22 	 1.328379 	 3.274498 
10 	 23 	 1.328379 	 3.274498 
10 	 24 	 1.328379 	 3.274498 
10 	 25 	 1.328379 	 3.274498 
10 	 26 	 1.328379 	 3.274498 
10 	 27 	 1.043151 	 3.105227 
10 	 28 	 1.043151 	 3.105227 
10 	 29 	 1.043151 	 3.105227 
11 	 12 	 1.757280 	 3.430851 
11 	 13 	 1.757280 	 3.430851 
11 	 14 	 1.757280 	 3.430851 
11 	 15 	 1.328379 	 3.274498 
11 	 16 	 1.328379 	 3.274498 
11 	 17 	 1.328379 	 3.274498 
11 	 18 	 1.328379 	 3.274498 
11 	 19 	 1.328379 	 3.274498 
11 	 20 	 1.328379 	 3.274498 
11 	 21 	 1.328379 	 3.274498 
11 	 22 	 1.328379 	 3.274498 
11 	 23 	 1.328379 	 3.274498 
11 	 24 	 1.328379 	 3.274498 
11 	 25 	 1.328379 	 3.274498 
11 	 26 	 1.328379 	 3.274498 
11 	 27 	 1.043151 	 3.105227 
11 	 28 	 1.043151 	 3.105227 
11 	 29 	 1.043151 	 3.105227 
12 	 13 	 1.757280 	 3.430851 
12 	 14 	 1.757280 	 3.430851 
12 	 15 	 1.328379 	 3.274498 
12 	 16 	 1.328379 	 3.274498 
12 	 17 	 1.328379 	 3.274498 
12 	 18 	 1.328379 	 3.274498 
12 	 19 	 1.328379 	 3.274498 
12 	 20 	 1.328379 	 3.274498 
12 	 21 	 1.328379 	 3.274498 
12 	 22 	 1.328379 	 3.274498 
12 	 23 	 1.328379 	 3.274498 
12 	 24 	 1.328379 	 3.274498 
12 	 25 	 1.328379 	 3.274498 
12 	 26 	 1.328379 	 3.274498 
12 	 27 	 1.043151 	 3.105227 
12 	 28 	 1.043151 	 3.105227 
12 	 29 	 1.043151 	 3.105227 
13 	 14 	 1.757280 	 3.430851 
13 	 15 	 1.328379 	 3.274498 
13 	 16 	 1.328379 	 3.274498 
13 	 17 	 1.328379 	 3.274498 
13 	 18 	 1.328379 	 3.274498 
13 	 19 	 1.328379 	 3.274498 
13 	 20 	 1.328379 	 3.274498 
13 	 21 	 1.328379 	 3.274498 
13 	 22 	 1.328379 	 3.274498 
13 	 23 	 1.328379 	 3.274498 
13 	 24 	 1.328379 	 3.274498 
13 	 25 	 1.328379 	 3.274498 
13 	 26 	 1.328379 	 3.274498 
13 	 27 	 1.043151 	 3.105227 
13 	 28 	 1.043151 	 3.105227 
13 	 29 	 1.043151 	 3.105227 
14 	 15 	 1.328379 	 3.274498 
14 	 16 	 1.328379 	 3.274498 
14 	 17 	 1.328379 	 3.274498 
14 	 18 	 1.328379 	 3.274498 
14 	 19 	 1.328379 	 3.274498 
14 	 20 	 1.328379 	 3.274498 
14 	 21 	 1.328379 	 3.274498 
14 	 22 	 1.328379 	 3.274498 
14 	 23 	 1.328379 	 3.274498 
14 	 24 	 1.328379 	 3.274498 
14 	 25 	 1.328379 	 3.274498 
14 	 26 	 1.328379 	 3.274498 
14 	 27 	 1.043151 	 3.105227 
14 	 28 	 1.043151 	 3.105227 
14 	 29 	 1.043151 	 3.105227 
15 	 16 	 1.004160 	 3.118146 
15 	 17 	 1.004160 	 3.118146 
15 	 18 	 1.004160 	 3.118146 
15 	 19 	 1.004160 	 3.118146 
15 	 20 	 1.004160 	 3.118146 
15 	 21 	 1.004160 	 3.118146 
15 	 22 	 1.004160 	 3.118146 
15 	 23 	 1.004160 	 3.118146 
15 	 24 	 1.004160 	 3.118146 
15 	 25 	 1.004160 	 3.118146 
15 	 26 	 1.004160 	 3.118146 
15 	 27 	 0.788548 	 2.948875 
15 	 28 	 0.788548 	 2.948875 
15 	 29 	 0.788548 	 2.948875 
16 	 17 	 1.004160 	 3.118146 
16 	 18 	 1.004160 	 3.118146 
16 	 19 	 1.004160 	 3.118146 
16 	 20 	 1.004160 	 3.118146 
16 	 21 	 1.004160 	 3.118146 
16 	 22 	 1.004160 	 3.118146 
16 	 23 	 1.004160 	 3.118146 
16 	 24 	 1.004160 	 3.118146 
16 	 25 	 1.004160 	 3.118146 
16 	 26 	 1.004160 	 3.118146 
16 	 27 	 0.788548 	 2.948875 
16 	 28 	 0.788548 	 2.948875 
16 	 29 	 0.788548 	 2.948875 
17 	 18 	 1.004160 	 3.118146 
17 	 19 	 1.004160 	 3.118146 
17 	 20 	 1.004160 	 3.118146 
17 	 21 	 1.004160 	 3.118146 
17 	 22 	 1.004160 	 3.118146 
17 	 23 	 1.004160 	 3.118146 
17 	 24 	 1.004160 	 3.118146 
17 	 25 	 1.004160 	 3.118146 
17 	 26 	 1.004160 	 3.118146 
17 	 27 	 0.788548 	 2.948875 
17 	 28 	 0.788548 	 2.948875 
17 	 29 	 0.788548 	 2.948875 
18 	 19 	 1.004160 	 3.118146 
18 	 20 	 1.004160 	 3.118146 
18 	 21 	 1.004160 	 3.118146 
18 	 22 	 1.004160 	 3.118146 
18 	 23 	 1.004160 	 3.118146 
18 	 24 	 1.004160 	 3.118146 
18 	 25 	 1.004160 	 3.118146 
18 	 26 	 1.004160 	 3.118146 
18 	 27 	 0.788548 	 2.948875 
18 	 28 	 0.788548 	 2.948875 
18 	 29 	 0.788548 	 2.948875 
19 	 20 	 1.004160 	 3.118146 
19 	 21 	 1.004160 	 3.118146 
19 	 22 	 1.004160 	 3.118146 
19 	 23 	 1.004160 	 3.118146 
19 	 24 	 1.004160 	 3.118146 
19 	 25 	 1.004160 	 3.118146 
19 	 26 	 1.004160 	 3.118146 
19 	 27 	 0.788548 	 2.948875 
19 	 28 	 0.788548 	 2.948875 
19 	 29 	 0.788548 	 2.948875 
20 	 21 	 1.004160 	 3.118146 
20 	 22 	 1.004160 	 3.118146 
20 	 23 	 1.004160 	 3.118146 
20 	 24 	 1.004160 	 3.118146 
20 	 25 	 1.004160 	 3.118146 
20 	 26 	 1.004160 	 3.118146 
20 	 27 	 0.788548 	 2.948875 
20 	 28 	 0.788548 	 2.948875 
20 	 29 	 0.788548 	 2.948875 
21 	 22 	 1.004160 	 3.118146 
21 	 23 	 1.004160 	 3.118146 
21 	 24 	 1.004160 	 3.118146 
21 	 25 	 1.004160 	 3.118146 
21 	 26 	 1.004160 	 3.118146 
21 	 27 	 0.788548 	 2.948875 
21 	 28 	 0.788548 	 2.948875 
21 	 29 	 0.788548 	 2.948875 
22 	 23 	 1.004160 	 3.118146 
22 	 24 	 1.004160 	 3.118146 
22 	 25 	 1.004160 	 3.118146 
22 	 26 	 1.004160 	 3.118146 
22 	 27 	 0.788548 	 2.948875 
22 	 28 	 0.788548 	 2.948875 
22 	 29 	 0.788548 	 2.948875 
23 	 24 	 1.004160 	 3.118146 
23 	 25 	 1.004160 	 3.118146 
23 	 26 	 1.004160 	 3.118146 
23 	 27 	 0.788548 	 2.948875 
23 	 28 	 0.788548 	 2.948875 
23 	 29 	 0.788548 	 2.948875 
24 	 25 	 1.004160 	 3.118146 
24 	 26 	 1.004160 	 3.118146 
24 	 27 	 0.788548 	 2.948875 
24 	 28 	 0.788548 	 2.948875 
24 	 29 	 0.788548 	 2.948875 
25 	 26 	 1.004160 	 3.118146 
25 	 27 	 0.788548 	 2.948875 
25 	 28 	 0.788548 	 2.948875 
25 	 29 	 0.788548 	 2.948875 
26 	 27 	 0.788548 	 2.948875 
26 	 28 	 0.788548 	 2.948875 
26 	 29 	 0.788548 	 2.948875 
27 	 28 	 0.619232 	 2.779604 
27 	 29 	 0.619232 	 2.779604 
28 	 29 	 0.619232 	 2.779604 
end
