q      	cage        
0.005 	-6949.35    
0.015 	-6993.58    
0.025 	-7081.33    
0.035 	-7211.22    
0.045 	-7381.21    
0.055 	-7588.62    
0.065 	-7830.17    
0.075 	-8102.09    
0.085 	-8400.11    
0.095 	-8719.58    
0.105 	-9055.51    
0.115 	-9402.71    
0.125 	-9755.81    
0.135 	-10109.4    
0.145 	-10458      
0.155 	-10796.4    
0.165 	-11119.4    
0.175 	-11422.2    
0.185 	-11700.4    
0.195 	-11949.7    
0.205 	-12166.7    
0.215 	-12348.2    
0.225 	-12491.6    
0.235 	-12595      
0.245 	-12657.1    
0.255 	-12677.2    
0.265 	-12655.1    
0.275 	-12591.4    
0.285 	-12487      
0.295 	-12343.8    
0.305 	-12163.8    
0.315 	-11949.6    
0.325 	-11704.3    
0.335 	-11431.2    
0.345 	-11133.9    
0.355 	-10816.4    
0.365 	-10482.6    
0.375 	-10136.6    
0.385 	-9782.44    
0.395 	-9424.09    
0.405 	-9065.41    
0.415 	-8710.03    
0.425 	-8361.32    
0.435 	-8022.36    
0.445 	-7695.85    
0.455 	-7384.12    
0.465 	-7089.07    
0.475 	-6812.18    
0.485 	-6554.49    
0.495 	-6316.58    
0.505 	-6098.62    
0.515 	-5900.36    
0.525 	-5721.15    
0.535 	-5560.01    
0.545 	-5415.63    
0.555 	-5286.44    
0.565 	-5170.65    
0.575 	-5066.33    
0.585 	-4971.41    
0.595 	-4883.79    
0.605 	-4801.37    
0.615 	-4722.13    
0.625 	-4644.15    
0.635 	-4565.68    
0.645 	-4485.16    
0.655 	-4401.3     
0.665 	-4313.05    
0.675 	-4219.69    
0.685 	-4120.77    
0.695 	-4016.18    
0.705 	-3906.1     
0.715 	-3791.03    
0.725 	-3671.71    
0.735 	-3549.16    
0.745 	-3424.6     
0.755 	-3299.43    
0.765 	-3175.18    
0.775 	-3053.44    
0.785 	-2935.86    
0.795 	-2824.02    
0.805 	-2719.46    
0.815 	-2623.57    
0.825 	-2537.57    
0.835 	-2462.46    
0.845 	-2398.96    
0.855 	-2347.54    
0.865 	-2308.32    
0.875 	-2281.11    
0.885 	-2265.39    
0.895 	-2260.3     
0.905 	-2264.65    
0.915 	-2276.98    
0.925 	-2295.54    
0.935 	-2318.37    
0.945 	-2343.29    
0.955 	-2368.02    
0.965 	-2390.17    
0.975 	-2407.36    
0.985 	-2417.21    
0.995 	-2417.46    
1.005 	-2406.01    
1.015 	-2380.95    
1.025 	-2340.65    
1.035 	-2283.78    
1.045 	-2209.36    
1.055 	-2116.78    
1.065 	-2005.83    
1.075 	-1876.71    
1.085 	-1730.04    
1.095 	-1566.83    
1.105 	-1388.48    
1.115 	-1196.76    
1.125 	-993.738    
1.135 	-781.783    
1.145 	-563.48     
1.155 	-341.588    
1.165 	-118.978    
1.175 	101.431     
1.185 	316.736     
1.195 	524.109     
1.205 	720.864     
1.215 	904.507     
1.225 	1072.79     
1.235 	1223.78     
1.245 	1355.83     
1.255 	1467.7      
1.265 	1558.5      
1.275 	1627.76     
1.285 	1675.38     
1.295 	1701.68     
1.305 	1707.31     
1.315 	1693.31     
1.325 	1661.01     
1.335 	1612.02     
1.345 	1548.21     
1.355 	1471.59     
1.365 	1384.35     
1.375 	1288.73     
1.385 	1187.01     
1.395 	1081.44     
1.405 	974.214     
1.415 	867.393     
1.425 	762.889     
1.435 	662.418     
1.445 	567.478     
1.455 	479.325     
1.465 	398.955     
1.475 	327.104     
1.485 	264.242     
1.495 	210.582     
1.505 	166.095     
1.515 	130.524     
1.525 	103.412     
1.535 	84.1272     
1.545 	71.8942     
1.555 	65.8274     
1.565 	64.9639     
1.575 	68.2972     
1.585 	74.8103     
1.595 	83.506      
1.605 	93.4352     
1.615 	103.722     
1.625 	113.583     
1.635 	122.346     
1.645 	129.462     
1.655 	134.508     
1.665 	137.197     
1.675 	137.369     
1.685 	134.992     
1.695 	130.147     
1.705 	123.017     
1.715 	113.873     
1.725 	103.058     
1.735 	90.9632     
1.745 	78.0157     
1.755 	64.6556     
1.765 	51.3197     
1.775 	38.4243     
1.785 	26.3503     
1.795 	15.4309     
1.805 	5.94097     
1.815 	-1.9099     
1.825 	-7.98218    
1.835 	-12.2081    
1.845 	-14.5905    
1.855 	-15.1994    
1.865 	-14.1659    
1.875 	-11.6746    
1.885 	-7.95375    
1.895 	-3.265      
1.905 	2.10808     
1.915 	7.87157     
1.925 	13.7326     
1.935 	19.4102     
1.945 	24.6452     
1.955 	29.2089     
1.965 	32.9102     
1.975 	35.6006     
1.985 	37.1787     
1.995 	37.5908     
2.005 	36.8314     
2.015 	34.9412     
2.025 	32.0029     
2.035 	28.1373     
2.045 	23.4958     
2.055 	18.2545     
2.065 	12.6055     
2.075 	6.74974     
2.085 	0.888404    
2.095 	-4.78445    
2.105 	-10.0891    
2.115 	-14.8663    
2.125 	-18.9829    
2.135 	-22.3353    
2.145 	-24.8529    
2.155 	-26.4994    
2.165 	-27.2726    
2.175 	-27.2036    
2.185 	-26.3545    
2.195 	-24.8146    
2.205 	-22.6966    
2.215 	-20.1311    
2.225 	-17.2614    
2.235 	-14.2376    
2.245 	-11.2107    
2.255 	-8.32705    
2.265 	-5.72309    
2.275 	-3.52046    
2.285 	-1.82209    
2.295 	-0.708995   
2.305 	-0.238006   
2.315 	-0.440475   
2.325 	-1.32197    
2.335 	-2.86292    
2.345 	-5.02021    
2.355 	-7.72948    
2.365 	-10.9083    
2.375 	-14.4595    
2.385 	-18.2757    
2.395 	-22.2432    
2.405 	-26.2461    
2.415 	-30.1713    
2.425 	-33.9115    
2.435 	-37.3697    
2.445 	-40.4618    
2.455 	-43.1193    
2.465 	-45.2908    
2.475 	-46.9436    
2.485 	-48.0639    
2.495 	-48.6564    
2.505 	-48.743     
2.515 	-48.3619    
2.525 	-47.5649    
2.535 	-46.4148    
2.545 	-44.9827    
2.555 	-43.345     
2.565 	-41.5798    
2.575 	-39.7643    
2.585 	-37.9715    
2.595 	-36.2676    
2.605 	-34.7098    
2.615 	-33.3443    
2.625 	-32.2051    
2.635 	-31.3131    
2.645 	-30.6755    
2.655 	-30.2868    
2.665 	-30.1287    
2.675 	-30.1719    
2.685 	-30.3774    
2.695 	-30.6987    
2.705 	-31.0838    
2.715 	-31.4776    
2.725 	-31.8241    
2.735 	-32.069     
2.745 	-32.1619    
2.755 	-32.058     
2.765 	-31.72      
2.775 	-31.1196    
2.785 	-30.238     
2.795 	-29.0673    
2.805 	-27.6098    
2.815 	-25.8783    
2.825 	-23.8951    
2.835 	-21.6915    
2.845 	-19.3057    
2.855 	-16.7822    
2.865 	-14.1694    
2.875 	-11.518     
2.885 	-8.87903    
2.895 	-6.30213    
2.905 	-3.83381    
2.915 	-1.51582    
2.925 	0.61611     
2.935 	2.5334      
2.945 	4.21533     
2.955 	5.64953     
2.965 	6.83205     
2.975 	7.76719     
2.985 	8.46698     
2.995 	8.9504      
3.005 	9.24236     
3.015 	9.37246     
3.025 	9.37369     
3.035 	9.28099     
3.045 	9.12975     
3.055 	8.95447     
3.065 	8.78737     
3.075 	8.65722     
3.085 	8.58833     
3.095 	8.59973     
3.105 	8.70463     
3.115 	8.9101      
3.125 	9.21702     
3.135 	9.62026     
3.145 	10.1091     
3.155 	10.6681     
3.165 	11.2773     
3.175 	11.9142     
3.185 	12.5538     
3.195 	13.1703     
3.205 	13.7383     
3.215 	14.2335     
3.225 	14.634      
3.235 	14.9212     
3.245 	15.0805     
3.255 	15.1017     
3.265 	14.9797     
3.275 	14.7146     
3.285 	14.3114     
3.295 	13.7802     
3.305 	13.1351     
3.315 	12.3946     
3.325 	11.5799     
3.335 	10.7146     
3.345 	9.82367     
3.355 	8.93244     
3.365 	8.0657      
3.375 	7.24678     
3.385 	6.49668     
3.395 	5.83339     
3.405 	5.27121     
3.415 	4.82036     
3.425 	4.48668     
3.435 	4.27147     
3.445 	4.17162     
3.455 	4.17978     
3.465 	4.28476     
3.475 	4.47206     
3.485 	4.72451     
3.495 	5.02298     
3.505 	5.34717     
3.515 	5.67643     
3.525 	5.99054     
3.535 	6.2705      
3.545 	6.49923     
3.555 	6.66218     
3.565 	6.74786     
3.575 	6.74816     
3.585 	6.65865     
3.595 	6.4786      
3.605 	6.21098     
3.615 	5.86223     
3.625 	5.44195     
3.635 	4.96242     
3.645 	4.43811     
3.655 	3.88504     
3.665 	3.3201      
3.675 	2.76042     
3.685 	2.22269     
3.695 	1.72247     
3.705 	1.27366     
3.715 	0.887973    
3.725 	0.574502    
3.735 	0.339451    
3.745 	0.18593     
3.755 	0.113896    
3.765 	0.120215    
3.775 	0.198838    
3.785 	0.341094    
3.795 	0.536066    
3.805 	0.771054    
3.815 	1.0321      
3.825 	1.30453     
3.835 	1.57356     
3.845 	1.82481     
3.855 	2.0449      
3.865 	2.22189     
3.875 	2.34574     
3.885 	2.40862     
3.895 	2.40519     
3.905 	2.33271     
3.915 	2.19111     
3.925 	1.98293     
3.935 	1.71317     
3.945 	1.38899     
3.955 	1.01945     
3.965 	0.615078    
3.975 	0.187428    
3.985 	-0.251376   
3.995 	-0.689133   
4.005 	-1.11404    
4.015 	-1.51512    
4.025 	-1.88268    
4.035 	-2.20859    
4.045 	-2.48662    
4.055 	-2.71259    
4.065 	-2.88453    
4.075 	-3.00268    
4.085 	-3.06942    
4.095 	-3.08912    
4.105 	-3.06795    
4.115 	-3.01358    
4.125 	-2.93481    
4.135 	-2.84121    
4.145 	-2.74274    
4.155 	-2.64929    
4.165 	-2.57032    
4.175 	-2.51447    
4.185 	-2.4892     
4.195 	-2.50055    
4.205 	-2.55286    
4.215 	-2.64865    
4.225 	-2.78853    
4.235 	-2.9712     
4.245 	-3.19349    
4.255 	-3.45055    
4.265 	-3.736      
4.275 	-4.04223    
4.285 	-4.36071    
4.295 	-4.6823     
4.305 	-4.99759    
4.315 	-5.29734    
4.325 	-5.57273    
4.335 	-5.81575    
4.345 	-6.01948    
4.355 	-6.17832    
4.365 	-6.28819    
4.375 	-6.34668    
4.385 	-6.35306    
4.395 	-6.30833    
4.405 	-6.21512    
4.415 	-6.07758    
4.425 	-5.90117    
4.435 	-5.69244    
4.445 	-5.45876    
4.455 	-5.20799    
4.465 	-4.94823    
4.475 	-4.68743    
4.485 	-4.4331     
4.495 	-4.19207    
4.505 	-3.97018    
4.515 	-3.77209    
4.525 	-3.60111    
4.535 	-3.4591     
4.545 	-3.34639    
4.555 	-3.26184    
4.565 	-3.20285    
4.575 	-3.16553    
4.585 	-3.14481    
4.595 	-3.13472    
4.605 	-3.1286     
4.615 	-3.11936    
4.625 	-3.0998     
4.635 	-3.06285    
4.645 	-3.00191    
4.655 	-2.91105    
4.665 	-2.78526    
4.675 	-2.62067    
4.685 	-2.41466    
4.695 	-2.16599    
4.705 	-1.87486    
4.715 	-1.54287    
4.725 	-1.173      
4.735 	-0.769523   
4.745 	-0.337796   
4.755 	0.115863    
4.765 	0.58442     
4.775 	1.06036     
4.785 	1.53592     
4.795 	2.00339     
4.805 	2.45531     
4.815 	2.88473     
4.825 	3.28543     
4.835 	3.65209     
4.845 	3.98044     
4.855 	4.26735     
4.865 	4.51093     
4.875 	4.7105      
4.885 	4.86659     
4.895 	4.98087     
4.905 	5.05601     
4.915 	5.09559     
4.925 	5.10389     
4.935 	5.08571     
4.945 	5.04618     
4.955 	4.99051     
4.965 	4.92386     
4.975 	4.85109     
4.985 	4.77661     
4.995 	4.70419     
5.005 	4.63692     
5.015 	4.57705     
5.025 	4.52596     
5.035 	4.48415     
5.045 	4.45125     
5.055 	4.42611     
5.065 	4.40684     
5.075 	4.39093     
5.085 	4.37541     
5.095 	4.357       
5.105 	4.33224     
5.115 	4.29769     
5.125 	4.25006     
5.135 	4.18636     
5.145 	4.10407     
5.155 	4.00121     
5.165 	3.87645     
5.175 	3.72917     
5.185 	3.55948     
5.195 	3.36824     
5.205 	3.157       
5.215 	2.92796     
5.225 	2.68391     
5.235 	2.42808     
5.245 	2.16406     
5.255 	1.89565     
5.265 	1.62673     
5.275 	1.3611      
5.285 	1.10237     
5.295 	0.853837    
5.305 	0.618366    
5.315 	0.3983      
5.325 	0.195398    
5.335 	0.0107913   
5.345 	-0.155038   
5.355 	-0.302244   
5.365 	-0.431587   
5.375 	-0.544377   
5.385 	-0.642397   
5.395 	-0.727809   
5.405 	-0.803051   
5.415 	-0.870717   
5.425 	-0.933447   
5.435 	-0.993802   
5.445 	-1.05416    
5.455 	-1.11662    
5.465 	-1.18291    
5.475 	-1.25431    
5.485 	-1.33161    
5.495 	-1.41511    
5.505 	-1.50458    
5.515 	-1.59929    
5.525 	-1.69805    
5.535 	-1.79926    
5.545 	-1.901      
5.555 	-2.00112    
5.565 	-2.0973     
5.575 	-2.18718    
5.585 	-2.26849    
5.595 	-2.33908    
5.605 	-2.39707    
5.615 	-2.44091    
5.625 	-2.46944    
5.635 	-2.48195    
5.645 	-2.47822    
5.655 	-2.4585     
5.665 	-2.42353    
5.675 	-2.37452    
5.685 	-2.31305    
5.695 	-2.24106    
5.705 	-2.16078    
5.715 	-2.07459    
5.725 	-1.98497    
5.735 	-1.89438    
5.745 	-1.80521    
5.755 	-1.71964    
5.765 	-1.63956    
5.775 	-1.56655    
5.785 	-1.50177    
5.795 	-1.44596    
5.805 	-1.39939    
5.815 	-1.36188    
5.825 	-1.33282    
5.835 	-1.31116    
5.845 	-1.29553    
5.855 	-1.28425    
5.865 	-1.2754     
5.875 	-1.26698    
5.885 	-1.25689    
5.895 	-1.24312    
5.905 	-1.22377    
5.915 	-1.19716    
5.925 	-1.16189    
5.935 	-1.11692    
5.945 	-1.06159    
5.955 	-0.99567    
5.965 	-0.919372   
5.975 	-0.833327   
5.985 	-0.738581   
5.995 	-0.636547   
6.005 	-0.528955   
6.015 	-0.417787   
6.025 	-0.305199   
6.035 	-0.193439   
6.045 	-0.0847646  
6.055 	0.0186485   
6.065 	0.114784    
6.075 	0.201864    
6.085 	0.278413    
6.095 	0.343314    
6.105 	0.395848    
6.115 	0.435718    
6.125 	0.463058    
6.135 	0.478422    
6.145 	0.482762    
6.155 	0.477385    
6.165 	0.463899    
6.175 	0.444153    
6.185 	0.420155    
6.195 	0.393999    
6.205 	0.367781    
6.215 	0.343518    
6.225 	0.323067    
6.235 	0.30806     
6.245 	0.299838    
6.255 	0.299405    
6.265 	0.307391    
6.275 	0.324029    
6.285 	0.349156    
6.295 	0.382218    
6.305 	0.422299    
6.315 	0.46816     
6.325 	0.518293    
6.335 	0.57098     
6.345 	0.624369    
6.355 	0.676544    
6.365 	0.725604    
6.375 	0.769741    
6.385 	0.807307    
6.395 	0.836883    
6.405 	0.857331    
6.415 	0.867842    
6.425 	0.867963    
6.435 	0.857616    
6.445 	0.837095    
6.455 	0.807061    
6.465 	0.768509    
6.475 	0.722726    
6.485 	0.671249    
6.495 	0.615793    
6.505 	0.558193    
6.515 	0.500328    
6.525 	0.444049    
6.535 	0.391112    
6.545 	0.343106    
6.555 	0.301397    
6.565 	0.267079    
6.575 	0.240932    
6.585 	0.223398    
6.595 	0.214567    
6.605 	0.214179    
6.615 	0.221637    
6.625 	0.236037    
6.635 	0.256205    
6.645 	0.280751    
6.655 	0.308123    
6.665 	0.336672    
6.675 	0.364723    
6.685 	0.390636    
6.695 	0.412875    
6.705 	0.430072    
6.715 	0.441075    
6.725 	0.444997    
6.735 	0.441249    
6.745 	0.429561    
6.755 	0.409993    
6.765 	0.382929    
6.775 	0.349063    
6.785 	0.309365    
6.795 	0.265048    
6.805 	0.217514    
6.815 	0.168296    
6.825 	0.119004    
6.835 	0.0712538   
6.845 	0.0266052   
6.855 	-0.0134979  
6.865 	-0.047786   
6.875 	-0.0752128  
6.885 	-0.0949963  
6.895 	-0.106649   
6.905 	-0.109994   
6.915 	-0.105178   
6.925 	-0.0926542  
6.935 	-0.0731749  
6.945 	-0.0477545  
6.955 	-0.0176323  
6.965 	0.0157762   
6.975 	0.0509349   
6.985 	0.086246    
6.995 	0.120112    
7.005 	0.150996    
7.015 	0.177483    
7.025 	0.19833     
7.035 	0.212514    
7.045 	0.219272    
7.055 	0.218126    
7.065 	0.208901    
7.075 	0.191729    
7.085 	0.167045    
7.095 	0.135564    
7.105 	0.0982549   
7.115 	0.0563023   
7.125 	0.0110585   
7.135 	-0.0360081  
7.145 	-0.08337    
7.155 	-0.129499   
7.165 	-0.172922   
7.175 	-0.212282   
7.185 	-0.24638    
7.195 	-0.274227   
7.205 	-0.295074   
7.215 	-0.30844    
7.225 	-0.314126   
7.235 	-0.312222   
7.245 	-0.303097   
7.255 	-0.287386   
7.265 	-0.265956   
7.275 	-0.239877   
7.285 	-0.210374   
7.295 	-0.178781   
7.305 	-0.146486   
7.315 	-0.114879   
7.325 	-0.085299   
7.335 	-0.0589807  
7.345 	-0.0370106  
7.355 	-0.0202861  
7.365 	-0.0094839  
7.375 	-0.0050364  
7.385 	-0.00711842 
7.395 	-0.0156438  
7.405 	-0.0302722  
7.415 	-0.0504258  
7.425 	-0.0753145  
7.435 	-0.10397    
7.445 	-0.135284   
7.455 	-0.168058   
7.465 	-0.201042   
7.475 	-0.232994   
7.485 	-0.262721   
7.495 	-0.289127   
7.505 	-0.311255   
7.515 	-0.328321   
7.525 	-0.339742   
7.535 	-0.345156   
7.545 	-0.344433   
7.555 	-0.337677   
7.565 	-0.325216   
7.575 	-0.307589   
7.585 	-0.285519   
7.595 	-0.25988    
7.605 	-0.231665   
7.615 	-0.201942   
7.625 	-0.171807   
7.635 	-0.142346   
7.645 	-0.114589   
7.655 	-0.0894682  
7.665 	-0.0677853  
7.675 	-0.0501786  
7.685 	-0.0371011  
7.695 	-0.028805   
7.705 	-0.025334   
7.715 	-0.026525   
7.725 	-0.0320176  
7.735 	-0.0412715  
7.745 	-0.053591   
7.755 	-0.0681558  
7.765 	-0.0840563  
7.775 	-0.100332   
7.785 	-0.116013   
7.795 	-0.130157   
7.805 	-0.141895   
7.815 	-0.150457   
7.825 	-0.155214   
7.835 	-0.155695   
7.845 	-0.151611   
7.855 	-0.142866   
7.865 	-0.129555   
7.875 	-0.111969   
7.885 	-0.0905748  
7.895 	-0.0660004  
7.905 	-0.0390084  
7.915 	-0.0104651  
7.925 	0.018694    
7.935 	0.0475016   
7.945 	0.0749968   
7.955 	0.100263    
7.965 	0.122466    
7.975 	0.140882    
7.985 	0.154931    
7.995 	0.164196    
8.005 	0.168439    
8.015 	0.16761     
8.025 	0.161851    
8.035 	0.151483    
8.045 	0.137002    
8.055 	0.119048    
8.065 	0.0983906   
8.075 	0.0758899   
8.085 	0.0524673   
8.095 	0.0290685   
8.105 	0.00662643  
8.115 	-0.0139739  
8.125 	-0.0319294  
8.135 	-0.0465488  
8.145 	-0.0572783  
8.155 	-0.0637216  
8.165 	-0.0656531  
8.175 	-0.0630249  
8.185 	-0.0559666  
8.195 	-0.044778   
8.205 	-0.0299152  
8.215 	-0.011971   
8.225 	0.00835017  
8.235 	0.0302612   
8.245 	0.0529244   
8.255 	0.0754849   
8.265 	0.0971048   
8.275 	0.116996    
8.285 	0.13445     
8.295 	0.148867    
8.305 	0.159773    
8.315 	0.166846    
8.325 	0.169915    
8.335 	0.168975    
8.345 	0.164179    
8.355 	0.155831    
8.365 	0.144373    
8.375 	0.130361    
8.385 	0.114446    
8.395 	0.0973426   
8.405 	0.0798002   
8.415 	0.0625713   
8.425 	0.0463807   
8.435 	0.0318955   
8.445 	0.0196986   
8.455 	0.0102649   
8.465 	0.00394287  
8.475 	0.000940902 
8.485 	0.0013199   
8.495 	0.00499177  
8.505 	0.0117241   
8.515 	0.0211508   
8.525 	0.0327879   
8.535 	0.0460547   
8.545 	0.060298    
8.555 	0.0748201   
8.565 	0.0889078   
8.575 	0.101862    
8.585 	0.113028    
8.595 	0.121821    
8.605 	0.127753    
8.615 	0.13045     
8.625 	0.129671    
8.635 	0.125316    
8.645 	0.117433    
8.655 	0.106214    
8.665 	0.0919887   
8.675 	0.0752135   
8.685 	0.0564513   
8.695 	0.0363505   
8.705 	0.015619    
8.715 	-0.0050035  
8.725 	-0.0247752  
8.735 	-0.0429816  
8.745 	-0.0589634  
8.755 	-0.0721435  
8.765 	-0.0820494  
8.775 	-0.0883325  
8.785 	-0.0907818  
8.795 	-0.0893326  
8.805 	-0.0840694  
8.815 	-0.0752229  
8.825 	-0.063161   
8.835 	-0.0483751  
8.845 	-0.0314606  
8.855 	-0.0130944  
8.865 	0.00599173  
8.875 	0.0250393   
8.885 	0.0432923   
8.895 	0.0600268   
8.905 	0.0745785   
8.915 	0.0863689   
8.925 	0.0949269   
8.935 	0.0999073   
8.945 	0.101104    
8.955 	0.0984567   
8.965 	0.0920555   
8.975 	0.0821344   
8.985 	0.0690637   
8.995 	0.0533349   
9.005 	0.035542    
9.015 	0.0163579   
9.025 	-0.003491   
9.035 	-0.023253   
9.045 	-0.0421801  
9.055 	-0.0595565  
9.065 	-0.0747259  
9.075 	-0.0871165  
9.085 	-0.0962625  
9.095 	-0.101822   
9.105 	-0.103588   
9.115 	-0.1015     
9.125 	-0.0956408  
9.135 	-0.0862361  
9.145 	-0.0736448  
9.155 	-0.0583452  
9.165 	-0.0409163  
9.175 	-0.0220156  
9.185 	-0.00235488 
9.195 	0.0173274   
9.205 	0.0362933   
9.215 	0.0538327   
9.225 	0.0692898   
9.235 	0.0820866   
9.245 	0.0917436   
9.255 	0.0978969   
9.265 	0.10031     
9.275 	0.0988827   
9.285 	0.0936499   
9.295 	0.0847824   
9.305 	0.0725765   
9.315 	0.0574425   
9.325 	0.039887    
9.335 	0.0204935   
9.345 	-0.000101005
9.355 	-0.02123    
9.365 	-0.0422231  
9.375 	-0.0624307  
9.385 	-0.0812482  
9.395 	-0.0981369  
9.405 	-0.112643   
9.415 	-0.124414   
9.425 	-0.133207   
9.435 	-0.138897   
9.445 	-0.14148    
9.455 	-0.141064   
9.465 	-0.137871   
9.475 	-0.132218   
9.485 	-0.124502   
9.495 	-0.115188   
9.505 	-0.104781   
9.515 	-0.0938087  
9.525 	-0.0827995  
9.535 	-0.0722579  
9.545 	-0.0626462  
9.555 	-0.0543652  
9.565 	-0.0477389  
9.575 	-0.0430022  
9.585 	-0.0402927  
9.595 	-0.0396461  
9.605 	-0.0409967  
9.615 	-0.0441815  
9.625 	-0.0489482  
9.635 	-0.0549677  
9.645 	-0.0618483  
9.655 	-0.0691537  
9.665 	-0.0764219  
9.675 	-0.0831854  
9.685 	-0.088991   
9.695 	-0.0934196  
9.705 	-0.0961042  
9.715 	-0.0967451  
9.725 	-0.0951233  
9.735 	-0.0911096  
9.745 	-0.0846707  
9.755 	-0.0758707  
9.765 	-0.0648692  
9.775 	-0.0519154  
9.785 	-0.037338   
9.795 	-0.021533   
9.805 	-0.00494763 
9.815 	0.0119368   
9.825 	0.0286238   
9.835 	0.0446213   
9.845 	0.0594605   
9.855 	0.0727142   
9.865 	0.0840135   
9.875 	0.0930614   
9.885 	0.0996442   
9.895 	0.103639    
9.905 	0.10502     
9.915 	0.103854    
9.925 	0.100303    
9.935 	0.094613    
9.945 	0.0871045   
9.955 	0.0781607   
9.965 	0.0682104   
9.975 	0.0577114   
9.985 	0.0471322   
9.995 	0.036933    