q      	cage        
0.005 	-10725.8    
0.015 	-10840.6    
0.025 	-11068.1    
0.035 	-11403.7    
0.045 	-11840.9    
0.055 	-12371.1    
0.065 	-12984      
0.075 	-13667.7    
0.085 	-14409      
0.095 	-15193.8    
0.105 	-16007.1    
0.115 	-16833.7    
0.125 	-17658.1    
0.135 	-18465.2    
0.145 	-19240.3    
0.155 	-19969.6    
0.165 	-20640.4    
0.175 	-21241.2    
0.185 	-21762.3    
0.195 	-22195.2    
0.205 	-22533.6    
0.215 	-22772.8    
0.225 	-22910.3    
0.235 	-22945.2    
0.245 	-22878.5    
0.255 	-22713      
0.265 	-22453.2    
0.275 	-22104.9    
0.285 	-21675.3    
0.295 	-21172.6    
0.305 	-20606.1    
0.315 	-19985.4    
0.325 	-19320.7    
0.335 	-18622.5    
0.345 	-17900.9    
0.355 	-17166.2    
0.365 	-16428      
0.375 	-15695.3    
0.385 	-14976.5    
0.395 	-14278.9    
0.405 	-13609.2    
0.415 	-12972.6    
0.425 	-12373.7    
0.435 	-11815.7    
0.445 	-11300.9    
0.455 	-10830.5    
0.465 	-10404.8    
0.475 	-10023.1    
0.485 	-9684.03    
0.495 	-9385.45    
0.505 	-9124.65    
0.515 	-8898.43    
0.525 	-8703.27    
0.535 	-8535.37    
0.545 	-8390.82    
0.555 	-8265.66    
0.565 	-8156       
0.575 	-8058.12    
0.585 	-7968.49    
0.595 	-7883.87    
0.605 	-7801.37    
0.615 	-7718.43    
0.625 	-7632.91    
0.635 	-7543.04    
0.645 	-7447.5     
0.655 	-7345.31    
0.665 	-7235.92    
0.675 	-7119.1     
0.685 	-6994.97    
0.695 	-6863.95    
0.705 	-6726.72    
0.715 	-6584.16    
0.725 	-6437.37    
0.735 	-6287.57    
0.745 	-6136.1     
0.755 	-5984.34    
0.765 	-5833.73    
0.775 	-5685.68    
0.785 	-5541.58    
0.795 	-5402.72    
0.805 	-5270.32    
0.815 	-5145.45    
0.825 	-5029.01    
0.835 	-4921.75    
0.845 	-4824.21    
0.855 	-4736.71    
0.865 	-4659.33    
0.875 	-4591.95    
0.885 	-4534.14    
0.895 	-4485.28    
0.905 	-4444.44    
0.915 	-4410.5     
0.925 	-4382.07    
0.935 	-4357.56    
0.945 	-4335.18    
0.955 	-4312.95    
0.965 	-4288.79    
0.975 	-4260.49    
0.985 	-4225.8     
0.995 	-4182.44    
1.005 	-4128.18    
1.015 	-4060.87    
1.025 	-3978.5     
1.035 	-3879.25    
1.045 	-3761.54    
1.055 	-3624.08    
1.065 	-3465.9     
1.075 	-3286.42    
1.085 	-3085.47    
1.095 	-2863.26    
1.105 	-2620.5     
1.115 	-2358.3     
1.125 	-2078.23    
1.135 	-1782.29    
1.145 	-1472.87    
1.155 	-1152.73    
1.165 	-824.944    
1.175 	-492.85     
1.185 	-159.986    
1.195 	169.977     
1.205 	493.312     
1.215 	806.308     
1.225 	1105.35     
1.235 	1387        
1.245 	1648.05     
1.255 	1885.62     
1.265 	2097.21     
1.275 	2280.73     
1.285 	2434.59     
1.295 	2557.68     
1.305 	2649.44     
1.315 	2709.83     
1.325 	2739.36     
1.335 	2739.04     
1.345 	2710.38     
1.355 	2655.34     
1.365 	2576.26     
1.375 	2475.84     
1.385 	2357.05     
1.395 	2223.04     
1.405 	2077.13     
1.415 	1922.65     
1.425 	1762.93     
1.435 	1601.2      
1.445 	1440.52     
1.455 	1283.73     
1.465 	1133.38     
1.475 	991.706     
1.485 	860.567     
1.495 	741.446     
1.505 	635.423     
1.515 	543.177     
1.525 	464.988     
1.535 	400.764     
1.545 	350.059     
1.555 	312.118     
1.565 	285.911     
1.575 	270.187     
1.585 	263.52      
1.595 	264.367     
1.605 	271.119     
1.615 	282.154     
1.625 	295.888     
1.635 	310.818     
1.645 	325.566     
1.655 	338.911     
1.665 	349.816     
1.675 	357.448     
1.685 	361.19      
1.695 	360.645     
1.705 	355.632     
1.715 	346.177     
1.725 	332.495     
1.735 	314.97      
1.745 	294.125     
1.755 	270.597     
1.765 	245.103     
1.775 	218.406     
1.785 	191.285     
1.795 	164.503     
1.805 	138.781     
1.815 	114.767     
1.825 	93.0191     
1.835 	73.9892     
1.845 	58.0079     
1.855 	45.2796     
1.865 	35.8808     
1.875 	29.7626     
1.885 	26.7585     
1.895 	26.5965     
1.905 	28.914      
1.915 	33.2755     
1.925 	39.1926     
1.935 	46.1448     
1.945 	53.6009     
1.955 	61.0391     
1.965 	67.967      
1.975 	73.9385     
1.985 	78.5691     
1.995 	81.5479     
2.005 	82.6458     
2.015 	81.7212     
2.025 	78.7215     
2.035 	73.6813     
2.045 	66.7171     
2.055 	58.0198     
2.065 	47.8438     
2.075 	36.4945     
2.085 	24.3147     
2.095 	11.6691     
2.105 	-1.07038    
2.115 	-13.5397    
2.125 	-25.3966    
2.135 	-36.3334    
2.145 	-46.0875    
2.155 	-54.4505    
2.165 	-61.2743    
2.175 	-66.4748    
2.185 	-70.0331    
2.195 	-71.9941    
2.205 	-72.4625    
2.215 	-71.5967    
2.225 	-69.6013    
2.235 	-66.7168    
2.245 	-63.2099    
2.255 	-59.3617    
2.265 	-55.4562    
2.275 	-51.7694    
2.285 	-48.5587    
2.295 	-46.053     
2.305 	-44.4448    
2.315 	-43.884     
2.325 	-44.4726    
2.335 	-46.2624    
2.345 	-49.2545    
2.355 	-53.4002    
2.365 	-58.6044    
2.375 	-64.7305    
2.385 	-71.6065    
2.395 	-79.0329    
2.405 	-86.7907    
2.415 	-94.6501    
2.425 	-102.38     
2.435 	-109.757    
2.445 	-116.571    
2.455 	-122.639    
2.465 	-127.802    
2.475 	-131.939    
2.485 	-134.965    
2.495 	-136.836    
2.505 	-137.546    
2.515 	-137.132    
2.525 	-135.662    
2.535 	-133.241    
2.545 	-129.998    
2.555 	-126.087    
2.565 	-121.673    
2.575 	-116.93     
2.585 	-112.033    
2.595 	-107.15     
2.605 	-102.438    
2.615 	-98.0323    
2.625 	-94.0471    
2.635 	-90.5684    
2.645 	-87.6526    
2.655 	-85.3246    
2.665 	-83.5783    
2.675 	-82.3773    
2.685 	-81.6574    
2.695 	-81.3302    
2.705 	-81.2873    
2.715 	-81.4051    
2.725 	-81.5508    
2.735 	-81.5877    
2.745 	-81.3815    
2.755 	-80.8055    
2.765 	-79.7462    
2.775 	-78.1077    
2.785 	-75.8156    
2.795 	-72.8201    
2.805 	-69.098     
2.815 	-64.6531    
2.825 	-59.5167    
2.835 	-53.7461    
2.845 	-47.4221    
2.855 	-40.6463    
2.865 	-33.5374    
2.875 	-26.2262    
2.885 	-18.8514    
2.895 	-11.5541    
2.905 	-4.47307    
2.915 	2.26023     
2.925 	8.52629     
2.935 	14.2214     
2.945 	19.2613     
2.955 	23.5833     
2.965 	27.1484     
2.975 	29.9422     
2.985 	31.9743     
2.995 	33.2781     
3.005 	33.9082     
3.015 	33.9385     
3.025 	33.4586     
3.035 	32.5704     
3.045 	31.3838     
3.055 	30.0125     
3.065 	28.5699     
3.075 	27.1647     
3.085 	25.897      
3.095 	24.8553     
3.105 	24.1129     
3.115 	23.7262     
3.125 	23.7327     
3.135 	24.1503     
3.145 	24.9775     
3.155 	26.1936     
3.165 	27.7604     
3.175 	29.6242     
3.185 	31.7181     
3.195 	33.9653     
3.205 	36.282      
3.215 	38.5815     
3.225 	40.777      
3.235 	42.7855     
3.245 	44.5305     
3.255 	45.9457     
3.265 	46.9765     
3.275 	47.5823     
3.285 	47.738      
3.295 	47.4343     
3.305 	46.6783     
3.315 	45.4922     
3.325 	43.9129     
3.335 	41.9901     
3.345 	39.784      
3.355 	37.3632     
3.365 	34.8017     
3.375 	32.176      
3.385 	29.5626     
3.395 	27.0349     
3.405 	24.6603     
3.415 	22.4984     
3.425 	20.5987     
3.435 	18.999      
3.445 	17.7242     
3.455 	16.7862     
3.465 	16.1833     
3.475 	15.9009     
3.485 	15.9125     
3.495 	16.181      
3.505 	16.6603     
3.515 	17.2976     
3.525 	18.0353     
3.535 	18.8137     
3.545 	19.5734     
3.555 	20.2573     
3.565 	20.8131     
3.575 	21.195      
3.585 	21.3656     
3.595 	21.2969     
3.605 	20.9714     
3.615 	20.3825     
3.625 	19.5342     
3.635 	18.4414     
3.645 	17.1284     
3.655 	15.6279     
3.665 	13.98       
3.675 	12.2297     
3.685 	10.4257     
3.695 	8.61796     
3.705 	6.85605     
3.715 	5.18692     
3.725 	3.65327     
3.735 	2.29187     
3.745 	1.13231     
3.755 	0.195858    
3.765 	-0.505141   
3.775 	-0.967647   
3.785 	-1.19787    
3.795 	-1.21088    
3.805 	-1.02989    
3.815 	-0.685202   
3.825 	-0.212952   
3.835 	0.346399    
3.845 	0.949678    
3.855 	1.55271     
3.865 	2.11201     
3.875 	2.58646     
3.885 	2.93882     
3.895 	3.13709     
3.905 	3.15564     
3.915 	2.97607     
3.925 	2.5878      
3.935 	1.98832     
3.945 	1.18315     
3.955 	0.185494    
3.965 	-0.984391   
3.975 	-2.3001     
3.985 	-3.73017    
3.995 	-5.23936    
4.005 	-6.79005    
4.015 	-8.34368    
4.025 	-9.86219    
4.035 	-11.3095    
4.045 	-12.6526    
4.055 	-13.8632    
4.065 	-14.9179    
4.075 	-15.7997    
4.085 	-16.4979    
4.095 	-17.0089    
4.105 	-17.3354    
4.115 	-17.487     
4.125 	-17.4786    
4.135 	-17.3308    
4.145 	-17.0681    
4.155 	-16.7181    
4.165 	-16.3104    
4.175 	-15.8754    
4.185 	-15.4429    
4.195 	-15.0411    
4.205 	-14.6955    
4.215 	-14.4277    
4.225 	-14.2549    
4.235 	-14.1895    
4.245 	-14.238     
4.255 	-14.4015    
4.265 	-14.6757    
4.275 	-15.0508    
4.285 	-15.5122    
4.295 	-16.0413    
4.305 	-16.6161    
4.315 	-17.2124    
4.325 	-17.8043    
4.335 	-18.3657    
4.345 	-18.8711    
4.355 	-19.2968    
4.365 	-19.6214    
4.375 	-19.8271    
4.385 	-19.8999    
4.395 	-19.8303    
4.405 	-19.6136    
4.415 	-19.2498    
4.425 	-18.7437    
4.435 	-18.1046    
4.445 	-17.346     
4.455 	-16.4846    
4.465 	-15.5399    
4.475 	-14.5334    
4.485 	-13.4877    
4.495 	-12.4257    
4.505 	-11.3693    
4.515 	-10.3392    
4.525 	-9.35384    
4.535 	-8.42861    
4.545 	-7.5756     
4.555 	-6.80313    
4.565 	-6.11549    
4.575 	-5.51298    
4.585 	-4.99194    
4.595 	-4.5451     
4.605 	-4.1619     
4.615 	-3.82911    
4.625 	-3.53139    
4.635 	-3.25204    
4.645 	-2.97371    
4.655 	-2.6792     
4.665 	-2.35214    
4.675 	-1.97775    
4.685 	-1.54341    
4.695 	-1.0392     
4.705 	-0.45831    
4.715 	0.202695    
4.725 	0.943733    
4.735 	1.76121     
4.745 	2.64819     
4.755 	3.59464     
4.765 	4.58786     
4.775 	5.61297     
4.785 	6.65348     
4.795 	7.69197     
4.805 	8.71071     
4.815 	9.69236     
4.825 	10.6206     
4.835 	11.4807     
4.845 	12.2602     
4.855 	12.949      
4.865 	13.5402     
4.875 	14.0298     
4.885 	14.417      
4.895 	14.7043     
4.905 	14.897      
4.915 	15.0032     
4.925 	15.0332     
4.935 	14.9993     
4.945 	14.9149     
4.955 	14.7943     
4.965 	14.6516     
4.975 	14.5007     
4.985 	14.3542     
4.995 	14.2233     
5.005 	14.117      
5.015 	14.042      
5.025 	14.0022     
5.035 	13.999      
5.045 	14.0307     
5.055 	14.0929     
5.065 	14.1787     
5.075 	14.279      
5.085 	14.3827     
5.095 	14.4775     
5.105 	14.5501     
5.115 	14.5869     
5.125 	14.5749     
5.135 	14.5014     
5.145 	14.3555     
5.155 	14.1279     
5.165 	13.8117     
5.175 	13.4024     
5.185 	12.8985     
5.195 	12.3014     
5.205 	11.6151     
5.215 	10.8468     
5.225 	10.006      
5.235 	9.10482     
5.245 	8.15696     
5.255 	7.17773     
5.265 	6.18333     
5.275 	5.19032     
5.285 	4.2151      
5.295 	3.27333     
5.305 	2.37941     
5.315 	1.54602     
5.325 	0.783708    
5.335 	0.100559    
5.345 	-0.498032   
5.355 	-1.0095     
5.365 	-1.43415    
5.375 	-1.77507    
5.385 	-2.03797    
5.395 	-2.23094    
5.405 	-2.36406    
5.415 	-2.44905    
5.425 	-2.49875    
5.435 	-2.52665    
5.445 	-2.54639    
5.455 	-2.57124    
5.465 	-2.6136     
5.475 	-2.6846     
5.485 	-2.79364    
5.495 	-2.94815    
5.505 	-3.15328    
5.515 	-3.4118     
5.525 	-3.72399    
5.535 	-4.08773    
5.545 	-4.49855    
5.555 	-4.9499     
5.565 	-5.43335    
5.575 	-5.93903    
5.585 	-6.45591    
5.595 	-6.9723     
5.605 	-7.47627    
5.615 	-7.95605    
5.625 	-8.4005     
5.635 	-8.79948    
5.645 	-9.14421    
5.655 	-9.42753    
5.665 	-9.64414    
5.675 	-9.79078    
5.685 	-9.86623    
5.695 	-9.87135    
5.705 	-9.80901    
5.715 	-9.68387    
5.725 	-9.50224    
5.735 	-9.27175    
5.745 	-9.00104    
5.755 	-8.69945    
5.765 	-8.37661    
5.775 	-8.04212    
5.785 	-7.70517    
5.795 	-7.37424    
5.805 	-7.05677    
5.815 	-6.75898    
5.825 	-6.48564    
5.835 	-6.23996    
5.845 	-6.02354    
5.855 	-5.83635    
5.865 	-5.67685    
5.875 	-5.54206    
5.885 	-5.42779    
5.895 	-5.32881    
5.905 	-5.23919    
5.915 	-5.1525     
5.925 	-5.06215    
5.935 	-4.96168    
5.945 	-4.84503    
5.955 	-4.70682    
5.965 	-4.54254    
5.975 	-4.34877    
5.985 	-4.12329    
5.995 	-3.86521    
6.005 	-3.57493    
6.015 	-3.25419    
6.025 	-2.90595    
6.035 	-2.5343     
6.045 	-2.14425    
6.055 	-1.74158    
6.065 	-1.33258    
6.075 	-0.92381    
6.085 	-0.52187    
6.095 	-0.133133   
6.105 	0.236476    
6.115 	0.581698    
6.125 	0.898117    
6.135 	1.1823      
6.145 	1.43193     
6.155 	1.6458      
6.165 	1.82389     
6.175 	1.9673      
6.185 	2.07819     
6.195 	2.15963     
6.205 	2.21548     
6.215 	2.25022     
6.225 	2.2687      
6.235 	2.27601     
6.245 	2.27718     
6.255 	2.27706     
6.265 	2.28006     
6.275 	2.29002     
6.285 	2.31006     
6.295 	2.34248     
6.305 	2.38867     
6.315 	2.44909     
6.325 	2.52327     
6.335 	2.60988     
6.345 	2.70678     
6.355 	2.81115     
6.365 	2.91964     
6.375 	3.0285      
6.385 	3.13378     
6.395 	3.23152     
6.405 	3.31788     
6.415 	3.38935     
6.425 	3.44289     
6.435 	3.47608     
6.445 	3.48716     
6.455 	3.47519     
6.465 	3.44003     
6.475 	3.38235     
6.485 	3.30363     
6.495 	3.20606     
6.505 	3.09248     
6.515 	2.96623     
6.525 	2.83105     
6.535 	2.69089     
6.545 	2.54977     
6.555 	2.41161     
6.565 	2.28011     
6.575 	2.15852     
6.585 	2.04963     
6.595 	1.95555     
6.605 	1.87773     
6.615 	1.81685     
6.625 	1.77282     
6.635 	1.74481     
6.645 	1.7313      
6.655 	1.7301      
6.665 	1.73854     
6.675 	1.7535      
6.685 	1.7716      
6.695 	1.78933     
6.705 	1.80322     
6.715 	1.80995     
6.725 	1.8065      
6.735 	1.79031     
6.745 	1.75934     
6.755 	1.71218     
6.765 	1.6481      
6.775 	1.56709     
6.785 	1.46982     
6.795 	1.35768     
6.805 	1.23266     
6.815 	1.0973      
6.825 	0.954579    
6.835 	0.807792    
6.845 	0.660428    
6.855 	0.516024    
6.865 	0.378025    
6.875 	0.249652    
6.885 	0.133776    
6.895 	0.0328079   
6.905 	-0.0513919  
6.915 	-0.117582   
6.925 	-0.165182   
6.935 	-0.194291   
6.945 	-0.205671   
6.955 	-0.20072    
6.965 	-0.181398   
6.975 	-0.150155   
6.985 	-0.109823   
6.995 	-0.0635032  
7.005 	-0.0144408  
7.015 	0.0341021   
7.025 	0.0789742   
7.035 	0.117255    
7.045 	0.146364    
7.055 	0.164158    
7.065 	0.168999    
7.075 	0.159816    
7.085 	0.136129    
7.095 	0.0980587   
7.105 	0.0463033   
7.115 	-0.0178996  
7.125 	-0.0928373  
7.135 	-0.176403   
7.145 	-0.266191   
7.155 	-0.359603   
7.165 	-0.453958   
7.175 	-0.546607   
7.185 	-0.635043   
7.195 	-0.716998   
7.205 	-0.790533   
7.215 	-0.854113   
7.225 	-0.906661   
7.235 	-0.947588   
7.245 	-0.976807   
7.255 	-0.994724   
7.265 	-1.00221    
7.275 	-1.00053    
7.285 	-0.9913     
7.295 	-0.976403   
7.305 	-0.957871   
7.315 	-0.937811   
7.325 	-0.918292   
7.335 	-0.901249   
7.345 	-0.888396   
7.355 	-0.881136   
7.365 	-0.880503   
7.375 	-0.88711    
7.385 	-0.901116   
7.395 	-0.922221   
7.405 	-0.949674   
7.415 	-0.982309   
7.425 	-1.01859    
7.435 	-1.05669    
7.445 	-1.09456    
7.455 	-1.13004    
7.465 	-1.16093    
7.475 	-1.18512    
7.485 	-1.20068    
7.495 	-1.20595    
7.505 	-1.19963    
7.515 	-1.18084    
7.525 	-1.14917    
7.535 	-1.10473    
7.545 	-1.04815    
7.555 	-0.980554   
7.565 	-0.903565   
7.575 	-0.819214   
7.585 	-0.729889   
7.595 	-0.638242   
7.605 	-0.547091   
7.615 	-0.459309   
7.625 	-0.377714   
7.635 	-0.304956   
7.645 	-0.243405   
7.655 	-0.195059   
7.665 	-0.161455   
7.675 	-0.1436     
7.685 	-0.141926   
7.695 	-0.156259   
7.705 	-0.185817   
7.715 	-0.229232   
7.725 	-0.284589   
7.735 	-0.349494   
7.745 	-0.421157   
7.755 	-0.496489   
7.765 	-0.572219   
7.775 	-0.645012   
7.785 	-0.711591   
7.795 	-0.768864   
7.805 	-0.814041   
7.815 	-0.844734   
7.825 	-0.859058   
7.835 	-0.855698   
7.845 	-0.833966   
7.855 	-0.793827   
7.865 	-0.735908   
7.875 	-0.661475   
7.885 	-0.57239    
7.895 	-0.471047   
7.905 	-0.360284   
7.915 	-0.243281   
7.925 	-0.123445   
7.935 	-0.00428218 
7.945 	0.110725    
7.955 	0.21825     
7.965 	0.31524     
7.975 	0.399027    
7.985 	0.467429    
7.995 	0.518822    
8.005 	0.552201    
8.015 	0.567214    
8.025 	0.564169    
8.035 	0.544023    
8.045 	0.50834     
8.055 	0.459227    
8.065 	0.399257    
8.075 	0.331367    
8.085 	0.258746    
8.095 	0.184716    
8.105 	0.112604    
8.115 	0.0456193   
8.125 	-0.0132682  
8.135 	-0.061435   
8.145 	-0.0967018  
8.155 	-0.117412   
8.165 	-0.122489   
8.175 	-0.111474   
8.185 	-0.0845372  
8.195 	-0.0424655  
8.205 	0.0133708   
8.215 	0.0810755   
8.225 	0.158303    
8.235 	0.24235     
8.245 	0.330263    
8.255 	0.418953    
8.265 	0.505309    
8.275 	0.586326    
8.285 	0.659209    
8.295 	0.721486    
8.305 	0.771093    
8.315 	0.806455    
8.325 	0.826538    
8.335 	0.830888    
8.345 	0.819639    
8.355 	0.793506    
8.365 	0.753755    
8.375 	0.702145    
8.385 	0.640859    
8.395 	0.572421    
8.405 	0.499589    
8.415 	0.425255    
8.425 	0.352328    
8.435 	0.283628    
8.445 	0.221772    
8.455 	0.169082    
8.465 	0.127497    
8.475 	0.0984997   
8.485 	0.0830682   
8.495 	0.0816392   
8.505 	0.0940985   
8.515 	0.119789    
8.525 	0.157543    
8.535 	0.205727    
8.545 	0.262315    
8.555 	0.324964    
8.565 	0.391109    
8.575 	0.458063    
8.585 	0.523121    
8.595 	0.583662    
8.605 	0.637252    
8.615 	0.68173     
8.625 	0.715292    
8.635 	0.736553    
8.645 	0.744598    
8.655 	0.73901     
8.665 	0.719882    
8.675 	0.687804    
8.685 	0.643837    
8.695 	0.58947     
8.705 	0.52655     
8.715 	0.457213    
8.725 	0.383794    
8.735 	0.308738    
8.745 	0.234502    
8.755 	0.163461    
8.765 	0.0978177   
8.775 	0.0395171   
8.785 	-0.00982259 
8.795 	-0.0489697  
8.805 	-0.0771217  
8.815 	-0.0939304  
8.825 	-0.0995093  
8.835 	-0.0944229  
8.845 	-0.0796586  
8.855 	-0.0565815  
8.865 	-0.0268762  
8.875 	0.00752459  
8.885 	0.0445195   
8.895 	0.0819244   
8.905 	0.11756     
8.915 	0.149339    
8.925 	0.175349    
8.935 	0.193927    
8.945 	0.203721    
8.955 	0.203747    
8.965 	0.19342     
8.975 	0.172577    
8.985 	0.141482    
8.995 	0.10081     
9.005 	0.051617    
9.015 	-0.00469826 
9.025 	-0.0664566  
9.035 	-0.131763   
9.045 	-0.198585   
9.055 	-0.264826   
9.065 	-0.328416   
9.075 	-0.387383   
9.085 	-0.439934   
9.095 	-0.484523   
9.105 	-0.519902   
9.115 	-0.545175   
9.125 	-0.559823   
9.135 	-0.563723   
9.145 	-0.557146   
9.155 	-0.540746   
9.165 	-0.515528   
9.175 	-0.482806   
9.185 	-0.444146   
9.195 	-0.401305   
9.205 	-0.35616    
9.215 	-0.310634   
9.225 	-0.266618   
9.235 	-0.2259     
9.245 	-0.190094   
9.255 	-0.160585   
9.265 	-0.13847    
9.275 	-0.124523   
9.285 	-0.119171   
9.295 	-0.122476   
9.305 	-0.134142   
9.315 	-0.15353    
9.325 	-0.17969    
9.335 	-0.211397   
9.345 	-0.247211   
9.355 	-0.285532   
9.365 	-0.324669   
9.375 	-0.362905   
9.385 	-0.398572   
9.395 	-0.430114   
9.405 	-0.456148   
9.415 	-0.475521   
9.425 	-0.487351   
9.435 	-0.491065   
9.445 	-0.486414   
9.455 	-0.473484   
9.465 	-0.45269    
9.475 	-0.424755   
9.485 	-0.390681   
9.495 	-0.351707   
9.505 	-0.309257   
9.515 	-0.264881   
9.525 	-0.220193   
9.535 	-0.176808   
9.545 	-0.136276   
9.555 	-0.100019   
9.565 	-0.0692777  
9.575 	-0.0450597  
9.585 	-0.0281036  
9.595 	-0.0188486  
9.605 	-0.0174186  
9.615 	-0.0236183  
9.625 	-0.0369414  
9.635 	-0.0565916  
9.645 	-0.081514   
9.655 	-0.110437   
9.665 	-0.141923   
9.675 	-0.174422   
9.685 	-0.206333   
9.695 	-0.236068   
9.705 	-0.262105   
9.715 	-0.283055   
9.725 	-0.297708   
9.735 	-0.305079   
9.745 	-0.304442   
9.755 	-0.295361   
9.765 	-0.277699   
9.775 	-0.251621   
9.785 	-0.217588   
9.795 	-0.176337   
9.805 	-0.128847   
9.815 	-0.076306   
9.825 	-0.0200596  
9.835 	0.0384367   
9.845 	0.097674    
9.855 	0.156145    
9.865 	0.212398    
9.875 	0.26509     
9.885 	0.313032    
9.895 	0.355227    
9.905 	0.390904    
9.915 	0.419536    
9.925 	0.440855    
9.935 	0.454851    
9.945 	0.461763    
9.955 	0.462061    
9.965 	0.456421    
9.975 	0.445684    
9.985 	0.430823    
9.995 	0.412892    