#MD input file for simulation of CO in Cyclohexane
#Structure
Cyclohexane 512
#Pair_number	X	Y	Z	Mass(a.u)	Charge(C)	Atom_name
1	0.000000	0.000000	0.000000	12.010000	-0.120000	C_99
1	0.000000	0.000000	1.526000
1	1.438471	0.000000	2.035389
1	2.158728	1.245752	1.527446
1	2.160261	1.246637	0.001447
1	0.719235	1.245752	-0.509389
2	0.719235	1.245752	-1.599389	1.007870	0.060000	H_99
2	0.205861	2.136207	-0.146572
2	2.674002	0.356815	-0.362403
2	2.674731	2.136460	-0.361370
2	1.645354	2.136207	1.890263
2	3.186207	1.245752	1.891295
2	1.952940	-0.889823	1.672572
2	1.438471	-0.000000	3.125389
2	-0.513740	0.889823	1.889849
2	-0.513740	-0.889823	1.889849
2	0.513740	-0.889823	-0.363849
2	-1.027479	-0.000000	-0.363849
CO 1
3	0.000000	0.000000	-0.641000	12.010000	0.516100	C_1
4	0.000000	0.000000	0.481000	16.000000	-0.516100	O_1
end
Lennard-Jones
1 	 1 	 1.196000 	 3.280000 
2 	 2 	 0.756000 	 2.580000 
3 	 3 	 1.757280 	 3.430851 
4 	 4 	 1.004160 	 3.118146 
1 	 2 	 0.950882 	 2.930000 
1 	 3 	 1.449726 	 3.355425 
1 	 4 	 1.095890 	 3.199073 
2 	 3 	 1.152607 	 3.005425 
2 	 4 	 0.871289 	 2.849073 
3 	 4 	 1.328379 	 3.274498 
end
