q      	cage        
0.005 	-7545.46    
0.015 	-7587.09    
0.025 	-7669.64    
0.035 	-7791.64    
0.045 	-7950.95    
0.055 	-8144.8     
0.065 	-8369.8     
0.075 	-8622.03    
0.085 	-8897.16    
0.095 	-9190.43    
0.105 	-9496.84    
0.115 	-9811.21    
0.125 	-10128.2    
0.135 	-10442.6    
0.145 	-10749.2    
0.155 	-11043      
0.165 	-11319.3    
0.175 	-11573.8    
0.185 	-11802.4    
0.195 	-12001.8    
0.205 	-12168.9    
0.215 	-12301.5    
0.225 	-12397.8    
0.235 	-12456.5    
0.245 	-12477.2    
0.255 	-12459.8    
0.265 	-12404.8    
0.275 	-12313.6    
0.285 	-12187.5    
0.295 	-12028.8    
0.305 	-11839.9    
0.315 	-11623.5    
0.325 	-11382.7    
0.335 	-11120.7    
0.345 	-10841.1    
0.355 	-10547.1    
0.365 	-10242.2    
0.375 	-9929.95    
0.385 	-9613.51    
0.395 	-9296.04    
0.405 	-8980.45    
0.415 	-8669.4     
0.425 	-8365.28    
0.435 	-8070.17    
0.445 	-7785.82    
0.455 	-7513.66    
0.465 	-7254.77    
0.475 	-7009.91    
0.485 	-6779.51    
0.495 	-6563.68    
0.505 	-6362.27    
0.515 	-6174.84    
0.525 	-6000.74    
0.535 	-5839.09    
0.545 	-5688.87    
0.555 	-5548.92    
0.565 	-5417.96    
0.575 	-5294.67    
0.585 	-5177.72    
0.595 	-5065.75    
0.605 	-4957.47    
0.615 	-4851.67    
0.625 	-4747.22    
0.635 	-4643.12    
0.645 	-4538.52    
0.655 	-4432.75    
0.665 	-4325.28    
0.675 	-4215.78    
0.685 	-4104.12    
0.695 	-3990.33    
0.705 	-3874.65    
0.715 	-3757.46    
0.725 	-3639.32    
0.735 	-3520.93    
0.745 	-3403.07    
0.755 	-3286.67    
0.765 	-3172.68    
0.775 	-3062.11    
0.785 	-2955.95    
0.795 	-2855.21    
0.805 	-2760.78    
0.815 	-2673.52    
0.825 	-2594.14    
0.835 	-2523.21    
0.845 	-2461.12    
0.855 	-2408.1     
0.865 	-2364.15    
0.875 	-2329.06    
0.885 	-2302.39    
0.895 	-2283.49    
0.905 	-2271.47    
0.915 	-2265.25    
0.925 	-2263.56    
0.935 	-2264.95    
0.945 	-2267.83    
0.955 	-2270.51    
0.965 	-2271.22    
0.975 	-2268.16    
0.985 	-2259.53    
0.995 	-2243.6     
1.005 	-2218.71    
1.015 	-2183.36    
1.025 	-2136.21    
1.035 	-2076.14    
1.045 	-2002.28    
1.055 	-1914.03    
1.065 	-1811.1     
1.075 	-1693.51    
1.085 	-1561.57    
1.095 	-1415.97    
1.105 	-1257.68    
1.115 	-1087.97    
1.125 	-908.405    
1.135 	-720.807    
1.145 	-527.204    
1.155 	-329.805    
1.165 	-130.952    
1.175 	66.9323     
1.185 	261.389     
1.195 	449.983     
1.205 	630.348     
1.215 	800.243     
1.225 	957.595     
1.235 	1100.55     
1.245 	1227.49     
1.255 	1337.12     
1.265 	1428.41     
1.275 	1500.69     
1.285 	1553.62     
1.295 	1587.22     
1.305 	1601.83     
1.315 	1598.11     
1.325 	1577.04     
1.335 	1539.88     
1.345 	1488.12     
1.355 	1423.46     
1.365 	1347.75     
1.375 	1262.99     
1.385 	1171.21     
1.395 	1074.5      
1.405 	974.887     
1.415 	874.37      
1.425 	774.814     
1.435 	677.947     
1.445 	585.316     
1.455 	498.265     
1.465 	417.914     
1.475 	345.145     
1.485 	280.592     
1.495 	224.647     
1.505 	177.461     
1.515 	138.957     
1.525 	108.849     
1.535 	86.661      
1.545 	71.7574     
1.555 	63.3673     
1.565 	60.6184     
1.575 	62.5681     
1.585 	68.2355     
1.595 	76.6332     
1.605 	86.7964     
1.615 	97.8101     
1.625 	108.834     
1.635 	119.12      
1.645 	128.031     
1.655 	135.053     
1.665 	139.798     
1.675 	142.012     
1.685 	141.568     
1.695 	138.464     
1.705 	132.813     
1.715 	124.826     
1.725 	114.805     
1.735 	103.116     
1.745 	90.1792     
1.755 	76.4438     
1.765 	62.3725     
1.775 	48.4217     
1.785 	35.0249     
1.795 	22.5775     
1.805 	11.424      
1.815 	1.84715     
1.825 	-5.93911    
1.835 	-11.7948    
1.845 	-15.6553    
1.855 	-17.5308    
1.865 	-17.5021    
1.875 	-15.7146    
1.885 	-12.3704    
1.895 	-7.71798    
1.905 	-2.04137    
1.915 	4.35178     
1.925 	11.1425     
1.935 	18.0128     
1.945 	24.6565     
1.955 	30.791      
1.965 	36.1653     
1.975 	40.5689     
1.985 	43.8367     
1.995 	45.854      
2.005 	46.5576     
2.015 	45.9366     
2.025 	44.0302     
2.035 	40.924      
2.045 	36.7452     
2.055 	31.6558     
2.065 	25.8453     
2.075 	19.5223     
2.085 	12.9066     
2.095 	6.21963     
2.105 	-0.323001   
2.115 	-6.51977    
2.125 	-12.19      
2.135 	-17.1797    
2.145 	-21.3665    
2.155 	-24.6627    
2.165 	-27.0171    
2.175 	-28.4161    
2.185 	-28.8819    
2.195 	-28.471     
2.205 	-27.2707    
2.215 	-25.3942    
2.225 	-22.9761    
2.235 	-20.1661    
2.245 	-17.1232    
2.255 	-14.0093    
2.265 	-10.983     
2.275 	-8.19417    
2.285 	-5.77828    
2.295 	-3.85221    
2.305 	-2.51046    
2.315 	-1.82252    
2.325 	-1.83113    
2.335 	-2.55171    
2.345 	-3.97272    
2.355 	-6.05708    
2.365 	-8.74439    
2.375 	-11.954     
2.385 	-15.5887    
2.395 	-19.5387    
2.405 	-23.6864    
2.415 	-27.9105    
2.425 	-32.091     
2.435 	-36.1129    
2.445 	-39.8707    
2.455 	-43.2715    
2.465 	-46.238     
2.475 	-48.7102    
2.485 	-50.6474    
2.495 	-52.0283    
2.505 	-52.8512    
2.515 	-53.1328    
2.525 	-52.9071    
2.535 	-52.2229    
2.545 	-51.1412    
2.555 	-49.7328    
2.565 	-48.0744    
2.575 	-46.2459    
2.585 	-44.3268    
2.595 	-42.3932    
2.605 	-40.5149    
2.615 	-38.7531    
2.625 	-37.1584    
2.635 	-35.7688    
2.645 	-34.6094    
2.655 	-33.6915    
2.665 	-33.0129    
2.675 	-32.5588    
2.685 	-32.3024    
2.695 	-32.2074    
2.705 	-32.2289    
2.715 	-32.3166    
2.725 	-32.4164    
2.735 	-32.4734    
2.745 	-32.4339    
2.755 	-32.2479    
2.765 	-31.8711    
2.775 	-31.2668    
2.785 	-30.4071    
2.795 	-29.2743    
2.805 	-27.861     
2.815 	-26.1709    
2.825 	-24.218     
2.835 	-22.0263    
2.845 	-19.6287    
2.855 	-17.0654    
2.865 	-14.3829    
2.875 	-11.6314    
2.885 	-8.8634     
2.895 	-6.13184    
2.905 	-3.48779    
2.915 	-0.978915   
2.925 	1.35225     
2.935 	3.46966     
2.945 	5.34486     
2.955 	6.95782     
2.965 	8.29736     
2.975 	9.36128     
2.985 	10.1561     
2.995 	10.6966     
3.005 	11.0048     
3.015 	11.1091     
3.025 	11.0428     
3.035 	10.8428     
3.045 	10.5478     
3.055 	10.1972     
3.065 	9.82924     
3.075 	9.47967     
3.085 	9.18048     
3.095 	8.95882     
3.105 	8.83612     
3.115 	8.82749     
3.125 	8.94141     
3.135 	9.17957     
3.145 	9.53719     
3.155 	10.0034     
3.165 	10.5618     
3.175 	11.1918     
3.185 	11.8689     
3.195 	12.5664     
3.205 	13.2566     
3.215 	13.9115     
3.225 	14.5046     
3.235 	15.0114     
3.245 	15.411      
3.255 	15.6863     
3.265 	15.8249     
3.275 	15.8197     
3.285 	15.6687     
3.295 	15.3753     
3.305 	14.9481     
3.315 	14.4001     
3.325 	13.7485     
3.335 	13.0138     
3.345 	12.219      
3.355 	11.3884     
3.365 	10.5471     
3.375 	9.71951     
3.385 	8.92882     
3.395 	8.1959      
3.405 	7.5386      
3.415 	6.97116     
3.425 	6.50376     
3.435 	6.14217     
3.445 	5.88769     
3.455 	5.73721     
3.465 	5.68343     
3.475 	5.7153      
3.485 	5.8185      
3.495 	5.97617     
3.505 	6.1696      
3.515 	6.37905     
3.525 	6.58461     
3.535 	6.76693     
3.545 	6.9081      
3.555 	6.99226     
3.565 	7.00627     
3.575 	6.94018     
3.585 	6.78757     
3.595 	6.54576     
3.605 	6.21588     
3.615 	5.80276     
3.625 	5.31468     
3.635 	4.763       
3.645 	4.16169     
3.655 	3.52672     
3.665 	2.87542     
3.675 	2.22578     
3.685 	1.59575     
3.695 	1.00254     
3.705 	0.461945    
3.715 	-0.0122185  
3.725 	-0.408638   
3.735 	-0.718898   
3.745 	-0.937769   
3.755 	-1.06336    
3.765 	-1.09714    
3.775 	-1.04385    
3.785 	-0.911255   
3.795 	-0.709841   
3.805 	-0.452345   
3.815 	-0.153262   
3.825 	0.171725    
3.835 	0.50635     
3.845 	0.834378    
3.855 	1.1402      
3.865 	1.40941     
3.875 	1.6293      
3.885 	1.78929     
3.895 	1.88127     
3.905 	1.89988     
3.915 	1.84256     
3.925 	1.70967     
3.935 	1.50433     
3.945 	1.23225     
3.955 	0.901455    
3.965 	0.521916    
3.975 	0.105108    
3.985 	-0.336461   
3.995 	-0.789754   
4.005 	-1.24173    
4.015 	-1.67982    
4.025 	-2.09244    
4.035 	-2.46936    
4.045 	-2.8021     
4.055 	-3.08419    
4.065 	-3.31137    
4.075 	-3.4817     
4.085 	-3.59556    
4.095 	-3.65557    
4.105 	-3.66641    
4.115 	-3.63462    
4.125 	-3.56822    
4.135 	-3.4764     
4.145 	-3.3691     
4.155 	-3.25658    
4.165 	-3.14899    
4.175 	-3.05598    
4.185 	-2.98629    
4.195 	-2.94742    
4.205 	-2.94533    
4.215 	-2.98427    
4.225 	-3.06655    
4.235 	-3.19256    
4.245 	-3.36072    
4.255 	-3.5676     
4.265 	-3.80806    
4.275 	-4.07548    
4.285 	-4.36206    
4.295 	-4.65909    
4.305 	-4.95737    
4.315 	-5.2475     
4.325 	-5.52029    
4.335 	-5.76712    
4.345 	-5.98021    
4.355 	-6.15295    
4.365 	-6.28012    
4.375 	-6.35806    
4.385 	-6.38476    
4.395 	-6.35996    
4.405 	-6.28505    
4.415 	-6.16305    
4.425 	-5.9984     
4.435 	-5.79679    
4.445 	-5.56491    
4.455 	-5.31015    
4.465 	-5.0403     
4.475 	-4.76323    
4.485 	-4.48659    
4.495 	-4.2175     
4.505 	-3.96229    
4.515 	-3.72623    
4.525 	-3.5134     
4.535 	-3.32649    
4.545 	-3.16676    
4.555 	-3.03403    
4.565 	-2.92664    
4.575 	-2.84166    
4.585 	-2.77493    
4.595 	-2.72131    
4.605 	-2.67489    
4.615 	-2.62927    
4.625 	-2.57779    
4.635 	-2.51385    
4.645 	-2.43116    
4.655 	-2.32403    
4.665 	-2.18756    
4.675 	-2.0179     
4.685 	-1.81234    
4.695 	-1.56949    
4.705 	-1.28929    
4.715 	-0.973054   
4.725 	-0.623407   
4.735 	-0.244199   
4.745 	0.159635    
4.755 	0.582249    
4.765 	1.0171      
4.775 	1.45716     
4.785 	1.89522     
4.795 	2.32406     
4.805 	2.73676     
4.815 	3.12692     
4.825 	3.48882     
4.835 	3.81768     
4.845 	4.10973     
4.855 	4.36236     
4.865 	4.57412     
4.875 	4.7448      
4.885 	4.87533     
4.895 	4.96773     
4.905 	5.02499     
4.915 	5.05093     
4.925 	5.04998     
4.935 	5.02704     
4.945 	4.98721     
4.955 	4.93563     
4.965 	4.87723     
4.975 	4.81658     
4.985 	4.75768     
4.995 	4.70382     
5.005 	4.65751     
5.015 	4.62032     
5.025 	4.59294     
5.035 	4.57511     
5.045 	4.5657      
5.055 	4.56275     
5.065 	4.56362     
5.075 	4.5651      
5.085 	4.56358     
5.095 	4.5552      
5.105 	4.53609     
5.115 	4.50245     
5.125 	4.45083     
5.135 	4.37821     
5.145 	4.2822      
5.155 	4.16107     
5.165 	4.01393     
5.175 	3.84071     
5.185 	3.6422      
5.195 	3.42003     
5.205 	3.17661     
5.215 	2.91504     
5.225 	2.63903     
5.235 	2.35272     
5.245 	2.06055     
5.255 	1.7671      
5.265 	1.47694     
5.275 	1.19441     
5.285 	0.923525    
5.295 	0.667805    
5.305 	0.43016     
5.315 	0.212794    
5.325 	0.0171443   
5.335 	-0.156158   
5.345 	-0.307288   
5.355 	-0.437203   
5.365 	-0.547578   
5.375 	-0.640721   
5.385 	-0.719465   
5.395 	-0.787034   
5.405 	-0.846902   
5.415 	-0.902638   
5.425 	-0.957757   
5.435 	-1.01556    
5.445 	-1.07901    
5.455 	-1.1506     
5.465 	-1.23223    
5.475 	-1.32515    
5.485 	-1.42992    
5.495 	-1.54636    
5.505 	-1.67354    
5.515 	-1.80988    
5.525 	-1.95314    
5.535 	-2.10056    
5.545 	-2.24895    
5.555 	-2.39481    
5.565 	-2.53449    
5.575 	-2.66432    
5.585 	-2.78074    
5.595 	-2.88047    
5.605 	-2.96063    
5.615 	-3.01885    
5.625 	-3.05335    
5.635 	-3.06305    
5.645 	-3.04756    
5.655 	-3.00724    
5.665 	-2.9432     
5.675 	-2.85719    
5.685 	-2.75162    
5.695 	-2.62941    
5.705 	-2.49393    
5.715 	-2.34884    
5.725 	-2.19797    
5.735 	-2.0452     
5.745 	-1.89429    
5.755 	-1.74877    
5.765 	-1.61182    
5.775 	-1.48613    
5.785 	-1.37386    
5.795 	-1.27653    
5.805 	-1.19501    
5.815 	-1.12949    
5.825 	-1.07948    
5.835 	-1.04387    
5.845 	-1.02097    
5.855 	-1.00859    
5.865 	-1.00417    
5.875 	-1.00484    
5.885 	-1.00759    
5.895 	-1.00936    
5.905 	-1.0072     
5.915 	-0.998362   
5.925 	-0.980423   
5.935 	-0.951385   
5.945 	-0.909749   
5.955 	-0.854574   
5.965 	-0.785515   
5.975 	-0.702831   
5.985 	-0.607377   
5.995 	-0.500567   
6.005 	-0.384318   
6.015 	-0.260971   
6.025 	-0.133201   
6.035 	-0.00391317 
6.045 	0.123874    
6.055 	0.247142    
6.065 	0.362989    
6.075 	0.46874     
6.085 	0.562048    
6.095 	0.640982    
6.105 	0.704096    
6.115 	0.750482    
6.125 	0.7798      
6.135 	0.792286    
6.145 	0.788739    
6.155 	0.770484    
6.165 	0.739318    
6.175 	0.697439    
6.185 	0.647355    
6.195 	0.591792    
6.205 	0.533579    
6.215 	0.475552    
6.225 	0.420435    
6.235 	0.370747    
6.245 	0.328705    
6.255 	0.296145    
6.265 	0.274459    
6.275 	0.264546    
6.285 	0.26679     
6.295 	0.281048    
6.305 	0.306668    
6.315 	0.342521    
6.325 	0.387053    
6.335 	0.438352    
6.345 	0.494231    
6.355 	0.552314    
6.365 	0.610139    
6.375 	0.665251    
6.385 	0.715302    
6.395 	0.758145    
6.405 	0.791914    
6.415 	0.815098    
6.425 	0.826598    
6.435 	0.825765    
6.445 	0.812426    
6.455 	0.786882    
6.465 	0.749898    
6.475 	0.702669    
6.485 	0.646766    
6.495 	0.584079    
6.505 	0.516737    
6.515 	0.447025    
6.525 	0.377296    
6.535 	0.309877    
6.545 	0.246983    
6.555 	0.190632    
6.565 	0.142569    
6.575 	0.104202    
6.585 	0.0765513   
6.595 	0.0602148   
6.605 	0.05535     
6.615 	0.0616729   
6.625 	0.0784737   
6.635 	0.104649    
6.645 	0.138751    
6.655 	0.179043    
6.665 	0.223574    
6.675 	0.270258    
6.685 	0.31695     
6.695 	0.361536    
6.705 	0.40201     
6.715 	0.436555    
6.725 	0.463606    
6.735 	0.481912    
6.745 	0.490577    
6.755 	0.489093    
6.765 	0.477354    
6.775 	0.455655    
6.785 	0.424676    
6.795 	0.385448    
6.805 	0.339313    
6.815 	0.287865    
6.825 	0.232885    
6.835 	0.176269    
6.845 	0.119954    
6.855 	0.0658394   
6.865 	0.0157152   
6.875 	-0.0288069  
6.885 	-0.0663546  
6.895 	-0.0958457  
6.905 	-0.116527   
6.915 	-0.127999   
6.925 	-0.130228   
6.935 	-0.123542   
6.945 	-0.108616   
6.955 	-0.0864359  
6.965 	-0.0582619  
6.975 	-0.0255719  
6.985 	0.00999766  
6.995 	0.0467183   
7.005 	0.0828389   
7.015 	0.116654    
7.025 	0.146572    
7.035 	0.171174    
7.045 	0.189269    
7.055 	0.199938    
7.065 	0.202569    
7.075 	0.196873    
7.085 	0.182894    
7.095 	0.161005    
7.105 	0.131888    
7.115 	0.0965032   
7.125 	0.0560488   
7.135 	0.011911    
7.145 	-0.0343924  
7.155 	-0.0812737  
7.165 	-0.127138   
7.175 	-0.170446   
7.185 	-0.209773   
7.195 	-0.243867   
7.205 	-0.271689   
7.215 	-0.292458   
7.225 	-0.305675   
7.235 	-0.311139   
7.245 	-0.308951   
7.255 	-0.299508   
7.265 	-0.283481   
7.275 	-0.261786   
7.285 	-0.235542   
7.295 	-0.206029   
7.305 	-0.174631   
7.315 	-0.142779   
7.325 	-0.111895   
7.335 	-0.0833361  
7.345 	-0.0583396  
7.355 	-0.0379751  
7.365 	-0.0231043  
7.375 	-0.0143489  
7.385 	-0.0120684  
7.395 	-0.016349   
7.405 	-0.0270035  
7.415 	-0.0435819  
7.425 	-0.0653924  
7.435 	-0.0915324  
7.445 	-0.120927   
7.455 	-0.152375   
7.465 	-0.184597   
7.475 	-0.216291   
7.485 	-0.246181   
7.495 	-0.273074   
7.505 	-0.2959     
7.515 	-0.313762   
7.525 	-0.325966   
7.535 	-0.332048   
7.545 	-0.33179    
7.555 	-0.325228   
7.565 	-0.312649   
7.575 	-0.294573   
7.585 	-0.271736   
7.595 	-0.24505    
7.605 	-0.215575   
7.615 	-0.184464   
7.625 	-0.152922   
7.635 	-0.122155   
7.645 	-0.0933199  
7.655 	-0.0674776  
7.665 	-0.0455513  
7.675 	-0.0282889  
7.685 	-0.0162339  
7.695 	-0.00970386 
7.705 	-0.00877923 
7.715 	-0.0133009  
7.725 	-0.0228779  
7.735 	-0.0369046  
7.745 	-0.0545861  
7.755 	-0.074972   
7.765 	-0.0969951  
7.775 	-0.119516   
7.785 	-0.14137    
7.795 	-0.161414   
7.805 	-0.178576   
7.815 	-0.191893   
7.825 	-0.20056    
7.835 	-0.203951   
7.845 	-0.201657   
7.855 	-0.193493   
7.865 	-0.179512   
7.875 	-0.160003   
7.885 	-0.135478   
7.895 	-0.106654   
7.905 	-0.0744241  
7.915 	-0.0398247  
7.925 	-0.00399376 
7.935 	0.0318735   
7.945 	0.0665706   
7.955 	0.0989272   
7.965 	0.127854    
7.975 	0.152387    
7.985 	0.171721    
7.995 	0.185245    
8.005 	0.192563    
8.015 	0.19351     
8.025 	0.188159    
8.035 	0.176817    
8.045 	0.160011    
8.055 	0.138472    
8.065 	0.113103    
8.075 	0.084946    
8.085 	0.0551405   
8.095 	0.0248808   
8.105 	-0.00462991 
8.115 	-0.0322254  
8.125 	-0.0568201  
8.135 	-0.0774502  
8.145 	-0.0933095  
8.155 	-0.103779   
8.165 	-0.108447   
8.175 	-0.10713    
8.185 	-0.0998669  
8.195 	-0.0869267  
8.205 	-0.0687894  
8.215 	-0.0461283  
8.225 	-0.0197823  
8.235 	0.0092779   
8.245 	0.0399881   
8.255 	0.0712324   
8.265 	0.101886    
8.275 	0.130861    
8.285 	0.157142    
8.295 	0.179832    
8.305 	0.19818     
8.315 	0.211612    
8.325 	0.219747    
8.335 	0.222415    
8.345 	0.219658    
8.355 	0.211726    
8.365 	0.199064    
8.375 	0.182296    
8.385 	0.162196    
8.395 	0.139654    
8.405 	0.115645    
8.415 	0.0911843   
8.425 	0.0672901   
8.435 	0.0449419   
8.445 	0.0250427   
8.455 	0.00838359  
8.465 	-0.00438689 
8.475 	-0.0127869  
8.485 	-0.0165194  
8.495 	-0.0154823  
8.505 	-0.00977143 
8.515 	0.000324915 
8.525 	0.0143386   
8.535 	0.0316414   
8.545 	0.0514708   
8.555 	0.072961    
8.565 	0.0951778   
8.575 	0.117156    
8.585 	0.137938    
8.595 	0.156609    
8.605 	0.172339    
8.615 	0.184407    
8.625 	0.192235    
8.635 	0.195408    
8.645 	0.19369     
8.655 	0.18703     
8.665 	0.175567    
8.675 	0.159622    
8.685 	0.139685    
8.695 	0.116396    
8.705 	0.0905161   
8.715 	0.0629038   
8.725 	0.0344763   
8.735 	0.00617626  
8.745 	-0.0210649  
8.755 	-0.0463624  
8.765 	-0.0689117  
8.775 	-0.0880181  
8.785 	-0.103123   
8.795 	-0.113824   
8.805 	-0.119886   
8.815 	-0.121254   
8.825 	-0.118049   
8.835 	-0.11056    
8.845 	-0.0992377  
8.855 	-0.0846673  
8.865 	-0.0675498  
8.875 	-0.0486712  
8.885 	-0.0288715  
8.895 	-0.00901149 
8.905 	0.0100612   
8.915 	0.0275448   
8.925 	0.0427141   
8.935 	0.0549482   
8.945 	0.063753    
8.955 	0.0687794   
8.965 	0.0698354   
8.975 	0.0668914   
8.985 	0.0600797   
8.995 	0.0496872   
9.005 	0.0361426   
9.015 	0.0199977   
9.025 	0.00190419  
9.035 	-0.0174133  
9.045 	-0.0371865  
9.055 	-0.0566345  
9.065 	-0.0749947  
9.075 	-0.0915532  
9.085 	-0.105672   
9.095 	-0.116815   
9.105 	-0.124565   
9.115 	-0.128643   
9.125 	-0.128917   
9.135 	-0.125403   
9.145 	-0.118266   
9.155 	-0.107812   
9.165 	-0.094473   
9.175 	-0.0787891  
9.185 	-0.0613874  
9.195 	-0.0429554  
9.205 	-0.0242137  
9.215 	-0.00588681 
9.225 	0.0113249   
9.235 	0.0267731   
9.245 	0.039886    
9.255 	0.0501906   
9.265 	0.0573301   
9.275 	0.0610765   
9.285 	0.0613384   
9.295 	0.058163    
9.305 	0.0517325   
9.315 	0.0423553   
9.325 	0.0304522   
9.335 	0.0165381   
9.345 	0.00120021  
9.355 	-0.0149262  
9.365 	-0.0311842  
9.375 	-0.046922   
9.385 	-0.0615193  
9.395 	-0.0744121  
9.405 	-0.0851149  
9.415 	-0.0932402  
9.425 	-0.0985129  
9.435 	-0.100781   
9.445 	-0.100019   
9.455 	-0.0963324  
9.465 	-0.0899461  
9.475 	-0.081199   
9.485 	-0.0705273  
9.495 	-0.0584459  
9.505 	-0.045527   
9.515 	-0.0323758  
9.525 	-0.0196051  
9.535 	-0.00780983 
9.545 	0.00245779  
9.555 	0.0107114   
9.565 	0.0165506   
9.575 	0.0196784   
9.585 	0.019913    
9.595 	0.017197    
9.605 	0.0115994   
9.615 	0.0033142   
9.625 	-0.0073466  
9.635 	-0.019965   
9.645 	-0.0340328  
9.655 	-0.0489712  
9.665 	-0.0641533  
9.675 	-0.0789286  
9.685 	-0.0926481  
9.695 	-0.10469    
9.705 	-0.114484   
9.715 	-0.121534   
9.725 	-0.125437   
9.735 	-0.125901   
9.745 	-0.122755   
9.755 	-0.115958   
9.765 	-0.105599   
9.775 	-0.0918983  
9.785 	-0.0751966  
9.795 	-0.0559442  
9.805 	-0.0346851  
9.815 	-0.0120372  
9.825 	0.0113301   
9.835 	0.0347203   
9.845 	0.0574346   
9.855 	0.0787972   
9.865 	0.0981794   
9.875 	0.115022    
9.885 	0.128855    
9.895 	0.139314    
9.905 	0.146151    
9.915 	0.149243    
9.925 	0.148598    
9.935 	0.144346    
9.945 	0.136742    
9.955 	0.126147    
9.965 	0.113017    
9.975 	0.0978874   
9.985 	0.0813472   
9.995 	0.0640204   